151523723475558
82672244586977
236261801331382
98375879019117
82215895284265
8244615380326
83785381981847
25128946909599
100632029460047
238788421307302
151818785606186
219984099497977
269734372891650
238798950484296
212988623425601
48686607259533
143151812012655
153105310434992
219650666501275
10639152006115
205964542389673
218409656412184
156598012524649
147611106695170
16071833889202
212912582810283
133939366766480
240565575413952
48028311905371
261351289512704
77078362051216
36888178317880
48558188985159
98620547354810
23390931049921
83430256262710
260516766739912
152123453667148
162475822891912
