3761
3848
3813
3825
3760
3824
3848
3760
3764
3763
3764
3763
3760
3812
3824
3760
3765
3868
3760
3848
3762
3760
3986
3760
3851
3763
3760
3848
3817
3760
3760
3848
3763
3848
3760
3760
3813
3863
3761
3825
3760
3813
3760
3760
3760
3760
3760
3824
3827
3760
3760
3877
3836
3760
3760
3760
3760
3824
3760
4000
3760
4006
3760
3760
3825
3994
3848
3760
3760
3760
3760
3848
3760
3813
3760
3848
3812
3939
3984
3760
3760
3812
3760
3760
3760
3760
3812
3760
3760
4001
3760
3872
3931
4079
4068
3760
3760
3812
3760
3849
3760
3812
3954
3760
3760
3964
4012
4457
4173
4097
3760
3760
3836
3836
3760
3760
3825
3813
3760
3760
3760
3872
4617
4409
4276
4255
4092
4194
3926
3812
3824
4033
3760
3848
3812
3940
3760
3848
3872
4008
4837
4857
4192
3968
3760
3824
3836
3760
3901
3760
3824
3866
3760
3760
3760
3879
4758
4659
4328
4110
3760
3867
3760
3848
3760
3849
3765
3760
3760
3760
3760
4012
4805
5345
4811
4120
3760
3760
3760
3848
3760
3765
3760
4011
3760
3821
3760
4244
4577
4298
4025
3760
3813
3760
3760
4040
3760
3760
3837
3760
4436
4169
4102
3909
3844
4197
3989
4072
3848
3760
3836
3886
3812
3760
3760
3824
4122
3816
3760
3825
3836
3760
3760
3760
3760
3836
3848
3760
3760
3946
3812
3760
3872
3760
3760
3848
3760
3878
3836
3848
3951
3760
4021
3760
3760
3760
3760
3760
3760
3910
3765
3760
3760
3760
3760
3848
3997
3760
3760
3760
3760
3760
3760
3760
3760
3760
3760
3851
3762
3760
3760
3760
3760
3813
3760
3762
3765
3760
3760
3760
3760
3760
3763
3760
3760
3760
3760
3760
3760
3760
3760
3836
3848
3760
3760
3760
3760
3760
3812
4005
3761
3762
3852
3812
3812
3760
3814
3836
3761
4081
3760
4375
3812
3761
3760
3956
3760
4143
3760
3824
4263
3812
3760
3760
3880
3837
3812
3824
3760
3765
3761
3824
3760
3760
3825
3760
3763
3848
3870
3839
3760
3760
3836
3760
3760
3760
3760
3760
3760
3824
3824
3760
3760
3765
3765
3760
3760
3761
3760
3763
3760
3760
3760
3837
3812
3824
3936
3760
3764
3850
3760
3760
3838
3760
3824
3760
3812
3760
3760
3760
3913
3760
3760
3812
3836
3760
3760
3760
3990
3764
3839
3760
3838
4026
3760
3760
3760
3999
3761
3850
3760
3812
3760
3760
3760
3824
3760
3765
3764
3975
3764
3760
3760
3849
3760
3825
3765
3762
3813
3760
3762
3824
3760
3760
3814
3760
3963
3760
3760
3760
4039
3760
3840
3760
3761
3812
3760
3765
3760
3760
3960
3763
3760
3848
3824
3764
3848
3960
3824
3760
3765
3763
3765
3762
3761
3838
3760
3812
3824
3848
3760
3760
3760
3760
3812
4015
3824
3824
3760
3812
3760
3953
3824
3760
3760
3760
3913
3760
3848
3812
3760
3760
3760
3812
4008
3760
3760
3760
3760
3760
3761
3760
3824
3760
3760
3760
3763
3870
3760
3760
3760
3760
3760
3760
3836
3901
3760
3841
3760
3763
3836
3760
3760
3760
3999
3760
3814
3760
3872
3956
3760
3955
3812
3760
3813
3760
3760
3760
3760
3849
3760
3760
3760
3765
3824
4033
3825
3760
3763
3760
3950
3760
3812
3824
3765
3848
3848
3760
3760
3812
3889
3760
3763
3761
3760
3762
3762
3824
3760
3760
3824
3760
3836
3760
3761
3764
3761
3760
3760
3760
3824
3762
3760
4026
3760
3760
3812
3760
3836
3760
3760
3760
3763
3760
3760
3848
3760
3760
3760
3848
3824
3760
3760
3761
3836
3760
3760
3760
3760
3976
3760
3760
3760
3760
3760
3760
3760
3848
4010
3760
3760
3760
3825
3760
3973
3760
3760
3762
3760
3760
3760
3760
3813
3760
3760
3824
3812
3760
3760
3760
3760
3760
3760
3812
3824
3760
3760
3760
4022
3836
3836
3760
3760
3760
3763
3760
4008
3991
3760
3760
3853
3765
3760
3760
3765
3760
3848
3836
3760
3760
3760
3760
3760
3824
3848
3760
3764
3760
3762
3836
3760
3760
3812
3760
3836
3813
3760
3760
3825
3760
3760
3836
4007
3824
3996
3760
3760
3928
3760
4021
3760
3969
3760
3760
3827
3761
3760
3760
3760
4077
3760
3812
3760
3760
3849
3760
3760
3760
3760
3760
3760
3760
3760
3812
3824
3760
4022
3760
3812
3760
3838
3760
3763
3765
3763
3812
3760
3762
3764
3760
3760
3813
3760
3851
3760
3760
3760
3762
3812
3848
3760
3765
3760
3760
3760
3760
3812
3760
4000
3760
3986
3760
3760
3853
3812
3760
3848
3760
3760
3760
3904
3760
3858
3816
3760
3760
3760
4018
3821
3821
3760
4098
3837
3760
4237
3760
4126
3812
4082
3760
3761
4068
4200
3760
4467
3824
3760
3816
4297
3760
3760
3760
3760
4303
4101
3935
3907
3944
3990
3760
3837
4369
3906
3931
3817
3760
4029
4396
3760
3764
3760
3760
3760
3836
3997
3760
3836
3760
4195
3760
3760
3913
3760
3760
4356
3883
3765
4560
3760
3850
3760
3760
3844
3760
4040
3760
3760
3760
3760
3877
4114
3760
3836
3760
3760
3760
3760
3760
3900
3764
3760
3760
3760
3760
3978
3760
3761
3760
3848
3848
3837
3760
3812
3760
4000
3760
3812
3760
3760
3812
3760
3760
3836
3760
3760
3760
3848
3760
4001
3760
3760
3760
3848
3760
3760
3760
3760
3760
3760
3836
3875
3761
3925
3760
3848
3760
3760
3812
3760
3815
3877
3760
3972
3760
3760
3812
3760
3877
3867
3760
3760
3760
3858
3816
3763
3762
3765
3765
3765
3760
3760
3824
3763
3760
3760
3760
3760
3760
3813
3848
3852
3812
3829
3760
3760
3760
3760
3760
3848
3865
3760
