264060651946591
264109701204872
264289093498668
264593222850119
264596903851107
264694790839702
264969973758492
265185991149229
265209371399324
265591748144718
265685880880109
265761818518836
123180503626000
123242306691346
123355606142404
123368778641157
123382817837793
123389775771926
123398445970997
123425196186335
123512291417730
123573130197151
123620656102282
123664058358170
123701469310196
123731036463732
123731978969720
123807670218626
123832870635452
123864501834569
123897636460467
123932294439840
123948646518294
123953772485496
123956319321828
124046960883187
124072539772078
124106364888030
124130861196712
124214660941969
124268606388295
124357348859595
124358115559898
124361061340714
124388165089883
124400726177744
124404934866849
124477531006399
124478773508519
124478885138343
124685088096218
124686451795329
124718300360743
124832218947940
124857805494715
124893290956272
124911456046569
124975736123063
124990297314685
125049984191468
125058782742685
125087444070588
125122076408096
125152302627467
125200079578109
125237870765664
125252595920382
125313154875283
125332021305853
125456800593249
125457691749351
125474114434036
125477841047391
125532697308585
125563124651651
125761153551148
125772180859337
125781141967365
125829307492574
125846551575867
125855215255903
125858602624472
125891338093780
125935527835456
125999937447609
126041126005733
126099850471484
126132059067992
126187931019555
126217224868027
126217875226690
126258177551386
126320382039294
126412475644331
126424593570502
126498261518072
126503687503318
126564435291905
126578413483103
126586963545860
126598219350358
126599054033548
126760268354996
126783411524496
126844181606210
127092559499034
127096464118483
127171033425325
127197143072232
127231180843870
127297034987491
127299953574941
127309689788972
127327763520449
127345638962782
127416744936951
127465019246127
127501039417271
127503875811794
127509676919823
127560883804132
127583812431389
127625123414089
127635804143771
127643666608091
127655408216733
127655814741299
127728546812832
127746318316045
127766651112399
127797626438065
127813179310054
127813389576937
127814614876939
127864594295606
128000148940986
128009035680653
128057740436686
128102729250865
128110359568672
128208692397566
128246464183168
128275273801346
128328363243065
128357506814128
128381526226884
128507701496307
128541889612089
128542764671838
128574241575115
128672602132612
128768639851970
128893681147029
128943651657702
128957250706696
128976946741244
129050484493590
129068418709881
129070427052584
129147767762885
129164948339381
129272823781433
129295926005120
129330702770182
129331016049463
129383239306072
129389804211776
129458012762648
129461744734477
129544154625927
129622382730688
129632611111701
129693229967871
129709197099691
129752906975510
129756701761799
129790634790586
129848432009879
129929880997929
129966002529827
130049235639074
130089176839389
130099033435328
130159724170181
130314140948145
130353947153943
130433212930493
130446530570964
130502034287697
130636641448216
130672024734506
130690153332442
130797935295450
130868800929180
130932375210909
130942829777182
130970522733846
130976542827641
131058380579187
131139367373128
131151342144073
131182462165219
131189832339388
131251644323633
131277951980379
131303158626470
131327798759353
131377374210091
131544904535095
131573550692575
131642037504930
131657727938333
131709325373291
131725519472196
131776312486250
131786128381601
131803676122208
131808818577395
131818031356436
131824452280993
131899259394119
131917347816320
131955304964701
131959829880754
131969501806763
132076202617633
132081408311164
132203101274809
132227951898175
132274581701556
132360614144048
132374830521375
132398180765200
132422755996128
132434203347888
132549143877300
132570448706576
132600361210545
132623447515315
132765437764965
132780664084783
132852379080147
132944868426385
133041672142097
133048785342539
133060943076345
133070762499178
133103847650310
133123417921719
133136946331549
133199734958835
133201443930721
133225990808038
133244038808986
133253082009814
133290956428903
133450208132470
133460623828939
133603479805678
133620968382315
133634448947005
133638331508104
133715148392550
133807750418358
133825180456170
133911768795744
133919193523057
134002692592228
134018492111705
134023635393192
134039848558566
134178328724273
134180863147288
134212844553525
134271556449409
134398819323543
134414354925772
134598722396784
134714262348463
134754285820125
134762502855558
134810023703800
134832277178922
134853554904251
134874820372298
134889197452153
134949323114535
134976470510857
134998687550104
135007650119881
135062174470188
135094746032431
135212660139493
135238994342098
135338946525676
135383040276864
135390259168454
135393535007390
135421608802482
135430008833566
135434048871636
135461932515295
135511876223456
135549160184664
135558522793992
135609931249330
135640589767791
135647644071786
135782822947490
135813485875427
135818044705055
135821320130615
135850933811081
135894969301822
135963695951664
135964804452508
135975389738011
135982187381806
136041684430487
136074477322662
136081566299444
136083042164767
136203792923174
136263107322007
136294737906798
136299767537418
136307580995888
136309350404028
136328933300866
136367126492071
136407408934763
136497826990214
136611700523416
136634560319310
136718229679957
136786228767958
136801170318324
136862265478669
136874913906586
136888601345056
136910845264226
136921162045323
136935418307638
137092676414482
137110766879528
137147882167338
137182645336031
137199383488446
137260557806065
137264540198266
137359760190845
137414409411024
137467856393486
137536197137280
137544685233813
137640369408031
137641182657449
137684459240494
137806970510416
137823755067414
137866326067225
137867479432461
137926539515514
137960365167127
138091834006401
138135163490710
138214605810505
138345468652877
138370755728635
138428636525864
138438592349704
138486087869550
138522164971868
138526521482464
138534508614902
138562404538164
138662262216213
138739221987180
138745743949140
138767643299083
138791173613614
138809026763851
138809460045905
138917995725926
138994817712144
139067419499894
139085471943778
139096445524218
139237891341639
139479153768175
139495957670607
139497119318753
139521160655486
139536868068181
139580146280417
139634964530664
139668189219981
139676837673854
139683447689109
139757785597514
139759222057550
139899632669993
139902765488079
139954643561369
139956822429781
140061737623630
140065697521980
140074775775024
140104114509683
140182248465557
140285189486822
140329678029812
140398038676870
140411359197598
140545553280865
