264060651946591
264109701204872
264289093498668
264593222850119
264596903851107
264694790839702
264969973758492
265185991149229
265209371399324
265591748144718
265685880880109
265761818518836
265905218950694
266076457961807
266252864711741
266380872885609
266437110405067
266497861911604
266498824980207
266629968349929
266969212572034
267048615028877
267149633216483
267358476288451
267543812588147
267907779259642
267930357892316
268075412619741
268084510854546
268164258907889
268409366989781
268436897848147
268472885825359
268490474667671
268538708711945
268656683601844
268978568247470
269019557735437
269753080234300
269761785083465
270058612299580
270105017011231
270406767596530
270409685258336
270694991592013
270745670352615
270932546449271
270934055692006
271061105987819
271189804450577
271388341580975
271714749345587
271935038731256
271952025193646
272041012013373
272488678554727
272871430054734
273054576724535
273138325979448
273213745095396
273256807805009
273913499845136
274007633708013
274048091254492
274107191022026
274109738326891
274222816203055
274711034184116
275044914643463
275071376886171
275111500055022
275772052865562
275790026498501
275834155602762
275950519252734
276026341242173
276190625209916
276195902090643
276205997944300
276231056144357
276254877189347
276451949192756
276452891308901
276602669832629
276616916216368
276706548392915
276984004207868
277011668039773
277149186520858
277180457499742
277568446117667
277576446065762
277781523554026
277791423964837
277815106432097
277881927450470
278276352766755
278309444046669
278311815768318
278312801476240
278680568683036
278726125952818
278739538546096
278931873011293
278991776551140
279328656385383
279346027828108
279422862138415
279982840436202
280025683669820
280129090580469
280196636180818
280204415993609
280294377346166
280557566338159
280595567603108
280643744536866
280671662529286
280987933238260
281208865111890
281363853694274
