158331960540537
158349907080224
158361233100408
158363981295702
158379209233853
158381362673562
158415182453418
158417629403030
158449698349729
158457636844741
158470787374203
158470946180098
158474396719827
158476624092918
158494251034766
158499100382462
158523502296339
158523564485111
158524440772611
158538127530503
158566928139454
158597650946137
158597725381560
158608442647901
158613130666396
158619332003289
158652035981502
158658027776666
158667536353291
158677887449809
158682672933005
158689595122877
158690108600528
158702278646967
158707407572338
158710014823166
158719114520091
158737031623179
158741870030627
158742104901589
158778501624296
158779612491739
158809359358705
158820602493283
158834688519073
158839190148651
158841285697026
158849568583107
158853825284786
158878100922406
158878591415181
158878995126354
158886537333920
158918949811830
158924582871228
158941220254870
158957994586060
158959134913030
158961300442585
158971197928147
158995081084925
158996487348628
159001064630455
159007413408428
159017088381450
159019620180931
159019855710267
159027233173734
159035904846380
159036339702489
159054900957470
159061946554909
159074404507222
159113107257623
159118187389405
159135445839351
159135931878669
159158994093759
159184867340427
159192594553211
159193554106108
159227596421038
159230191660240
159233435126003
159236497058277
159238798330691
159257637433736
159259335979572
159263409518127
159279664321198
159283597272771
159286228981274
159288523934846
159301574689586
159305785042131
159313763924994
159314546275476
159315827201097
159319295256073
159320770373908
159321570317213
159349266845975
159366182099921
159373274559835
159392860782861
159415381099217
159441803043248
159460688350574
159491820226574
159499738963172
159511829160586
159516334004943
159516816728746
159530723018553
159564762297346
159567784188047
159569739461657
159574566348723
159578440939531
159589967068173
159597578575843
159610201908774
159616867638432
159648536122246
159649290085235
159666344765500
159695366503219
159722814241288
159725005958852
159727974568687
159742563757647
159763539399719
159780515637122
159824401475615
159825670612904
159850029594074
159852516864487
159869802876063
159906633194171
159937679360607
159941905575626
159955542523264
159958065694192
159968511698888
159994433739140
160040703869499
160046092905353
160055494953135
160060987146928
160096954605739
160100757607950
160115183984323
160123898132320
160172627200670
160196825222185
160200072572182
160207205029151
160214864303558
160221792901094
160224364664308
160240965153710
160246604822040
160279777916131
160288513095199
160299773320398
160304079786841
160373872540753
160375079466182
160382115842381
160388178042937
160392166909566
160414939499632
160416177481228
160421786405859
160437604679011
160441184096620
160458340282137
160459401976618
160461856293996
160468402289262
160474509298120
160486824787667
160529862324996
160538973910904
160539834257349
160565576741004
160583420346708
160593277544786
160608035652931
160613695035186
160624448893465
160705658468290
160738457622136
160741310247813
160743340012210
160751738781951
160754569896177
160758015859699
160768262626162
160774469868003
160781522051009
160796629818880
160809416467713
160810452263562
160815558628412
160827067666673
160838871743937
160840180130822
160863008335233
160879382025402
160894913396781
160898866609000
160903264891389
160912054188398
160912916734755
160914024052516
160915273810430
160921087677700
160944895483203
160958163001695
160959305226514
160978137766046
160984216733009
160985082761964
160995140381571
160995385309981
160999448198468
161025711415388
161029788336535
161030721667161
161041380517009
161048054295409
161056650093151
161059962423822
161063094549499
161069951066927
161082937990895
161096049204491
161097644570385
161111538414000
161113400866202
161117756160163
161123454087980
161131543820231
161155213070272
161185036046215
161194426406854
161210063883140
161224660964072
161235146999635
161268383275788
161288938964168
161299543919269
161320959619630
161323049641970
161363912284409
161397601143670
161401347170197
161404413176915
161439595249436
161439672251904
161444775335211
161458406947750
161470169844548
161471190905072
161481561302342
161494902139852
161500909093995
161503278594525
161516001780818
161518044505731
161525388044263
161527768863847
161530201937950
161537696099133
161550764178804
161558649281543
161599321482108
161607810494206
161609121604380
161612928345657
161633097804488
161634223507712
161636541658169
161643666534861
161649247005816
161650543000876
161678762284218
161684259444763
161687821659980
161696605722149
161722916292519
161725975869418
161744078033660
161750642369730
161755182356252
161786721627080
161793436519228
161805942986175
161806185280299
161827248663680
161841234825072
161850245553068
161862201938760
161887550154674
161893739502403
161898356792229
161912053049167
161931413566900
161947818893125
161963300310243
161964831823465
162026886737514
162060122166154
162062346077926
162095519205549
162100950928369
162126949000974
162143908884470
162145751433392
162190652695796
162228647374747
162228651314916
162231976159656
162271350031743
162271414029815
162288421121708
162296077538365
162302509570198
162319535885092
162345195449095
162353597310877
162357758836689
162359351891222
162364312344765
162366494663234
162368926698416
162401428603321
162427078154826
162445618691077
162466173810626
162469029070669
162476616979509
162497448015575
162497716319181
162510929640829
162516587794997
162521124387347
162526711477575
162532440751781
162536072802906
162547359194155
162556028500367
162565476596250
162569322598361
162615748955395
162685716834772
162687133547412
162697337492473
162699388500010
162704482317607
162713681633569
162715482165286
162733213727515
162741934718082
162765750951851
162772925348145
162775029469835
162793730966312
162812693588826
162820336877490
162839609307304
162842915766244
162877209617917
162889912174877
162901892327205
162922327254198
162929294073653
162931705792330
162946977701760
162960756576985
162975218116172
162982282556974
162983453034845
162997040061924
162998653020781
163000517605419
163023686494867
163024827603081
163026228586544
163027208098635
163034718625538
163036484194379
163090179397934
163094131471483
163126462983519
163168869541589
163169954543986
163173018608846
163173421036629
163176035297745
163177397623728
163223239316549
163241057258650
163251878307216
163261433244211
163268706813054
163281019880102
163284594497926
163291550656837
163299553875731
163318155496470
163321733495836
163340377033664
163366536814162
163377554477641
163410964194266
163423342811148
163424418738476
163425735463388
163429088673589
163443139502165
163455609532977
163458018282869
163473875391688
163523453120040
163529519685244
163547228898759
163617944758085
163632251801224
163672609728574
163673216774892
163686091878629
163712142863990
163718484118246
163719394865501
163734441917815
163739493762815
163750543251860
163752795250255
163766334309942
163773090515982
163777211810244
163779563483070
163801360457193
163809988806065
163831238723938
163841352828596
163844794337593
163848182152779
163864175473964
163867381152889
163868269674469
163877299882057
163893730693439
163934861973953
163949194067099
163954211161044
163960399939343
163962432985525
163982766239296
163993908002337
163999083176803
164012386796459
164015237613258
164019595652896
164025540418386
164030612903144
164051648357347
164051913870040
164071206974278
164076313774548
164121319177391
164136705618831
164138307928633
164168697194385
164173849093881
164175576797325
164181035177680
164191798033824
164207104124129
164221365599459
164244443442866
164257733823652
164290188965999
164300719497061
164343997062024
164347197963196
164353922779662
164375854557883
164382803929971
164384621864558
164392913189980
164400559794518
164421489120470
164421884571255
164425946399852
164426087377881
164428548180686
164435497027941
164440852060620
164444317414345
164451570342901
164451651018235
164453010117934
164490140811380
164499465376710
164525204444167
164529543059497
164540810529798
164544691181864
164555795247716
164567538531234
164570639534042
164572586714377
164583537868801
164597175999736
164604129256590
164631618990165
164636730824678
164639722865376
164646643916849
164677926661227
164682506957573
164688264551895
164706956057007
164721929511599
164726692870155
164728924283631
164730939937829
164743128247175
164748499187051
164770072397775
164771307599530
164776282475232
164781765905539
164788102816871
164803753264703
164821026952948
164834063954805
164834438731305
164849479308794
164850581100839
164852747657331
164881526710626
164890628505970
164905824004637
164905921100403
164927036347697
164937192090561
164942842140557
164944803966647
164954877984735
164965589892942
164977517779033
164989321845336
165001504405599
165019849432732
165033049861658
165036257739239
165055613624291
165070694165396
165090600276770
165098308378396
165106797534849
165107613910532
165123647373267
165135184609346
165139813308283
165141256187188
165182829803395
165184109355470
165199858350576
165200437466623
165205079315608
165272578633943
165281929890228
165282972261318
165288610612536
165323340481299
165324436959799
165330396471582
165351249241664
165366433543663
165374072813667
165377370252907
165378017853852
165379267188354
165385985585814
165390434715293
165390647795648
165417385006163
165417717620244
165437161436803
165438219625550
165472763496304
165472825730249
165475087964501
165487061943523
165494899681096
165513433430497
165525954666512
165532727974850
165562924756631
165569179006340
165571412004724
165593575516757
165623483276469
165633556245682
165633963551341
165655325613425
165671069138558
165671600867593
165695107963614
165714410265531
165738509560891
165783922123993
165811800342847
165817166092161
165837785789285
165842690762413
165842819126311
165862579470090
165863165239651
165865820803951
165871863871269
165905393646209
165906046840642
165909544388439
165916684223778
165916822679314
165921450729865
165923790123769
165935722765572
165953103150034
165980775443834
165993511355843
166018845797060
166025252042302
166034734195759
166034767606806
166051904603365
166064929861503
166072980858266
166076508199976
166076649859083
166090529044979
166119914698321
166129726217638
166134076453853
166140257407082
166171256766597
166193059779510
166203272755503
166230237714259
166235037163057
166235935664743
166250153939285
166258212214088
166276033995898
166281440390530
166282138694321
166297579645051
166324137253662
166331084772755
166333555074886
166347339118508
166362081151792
166372765866575
166374755287570
166383021775265
166414517421850
166416525507606
166435077497184
166446169283136
166461845975286
166464941475454
166477269076937
166489566270617
166510995466692
166512073169068
166557078192288
166575954166545
166577625117905
166612931345360
166620534078883
166626542495953
166651904029170
166666124179061
166668615032714
166683448491578
166686807684673
166695985031413
166709840507591
166716639535631
166726888166242
166735953000869
166740991851909
166754207060378
166761878681206
166781843353430
166789693292169
166816881612534
166818844990678
166824642314016
166841007821955
166861546430840
166880460382216
166881447261704
166907248663705
166910024922791
166936850042385
166962876357009
166996803715147
167006518417598
167047177646771
167052423293254
167065142941336
167079429265573
167082029684597
167089962698434
167119353754858
167133317433751
167141805943072
167150914637650
167158675082182
167196683123410
167197343294088
167211585323946
167222231101478
167227543894147
167246568917393
167249431991741
167260049683379
167264588418899
167276612620610
167308122834652
167314130872084
167315618135075
167319874390015
167337955388484
167360991571377
167361780619640
167381805003263
167406575911556
167421738613168
167423469877420
167433463365957
167446604708311
167455200784899
167461762732409
167462778557484
167469171262134
167483880788635
167486063988731
167491311019574
167518979194487
167536414958045
167545845281839
167578954445131
167589166316000
167595201981919
167619860846519
167639895913239
167641911277122
167658853400745
167667047473690
167687417978386
167715911816464
167773939295650
167779715163834
167818081013571
167818984427123
167880090081363
167895704494509
167907851958583
167909713785896
167911513580744
167926775766776
167962899810154
167977472723687
167998147086500
168004484611652
168008513007062
168009704415665
168026147484447
168066915943585
168079132249817
168081058689350
168116265710894
168127577989742
168129013723922
168148184726566
168160895466545
168166804755018
168167231696893
168168946384201
168209186463680
168214460375285
168223689708808
168245367405342
168259777449903
168267235152835
168288655742834
168304651663959
168324153818702
168341098263916
168341317148370
168341940905464
168371105017062
168371606081149
168388322565766
168388921485126
168471648842174
168478905008066
168480927795749
168520172455305
168532193821205
168535127401580
168542218130829
168542788885867
168556328960857
168561515957145
168566071057600
168598299333915
168628209884435
168638488387103
168646315542453
168656008610975
168683727878733
168687487612634
168694383971360
168703392633757
168730739469425
168743153305729
168745734546091
168747010091387
168757655601160
168795773229318
168805504129850
168827553454893
168829316981173
168856788775368
168871564197406
168878197766663
168878805839705
168882445370241
168897747598131
168910213264241
168933619725504
168946666461604
168953639019074
168954754038832
168956426452009
168969488380973
168986063642233
169018634154736
169029551697465
169035995059231
169076120594879
169091749866560
169097934224201
169100030788049
169121041760968
169122309905238
169129121837198
169130004186348
169133724939578
169154195431272
169174028234887
169174945445886
169175629606730
169190860279445
169239113367262
169240870854217
169248462234442
169257995593685
169276663121156
169292109452653
169294058497045
169297591364412
169309906843463
169324265771905
169339370771236
169340482855666
169351472075831
169362165955934
169378137128871
169379165468281
169403834312214
169412489184491
169420451557514
169437090235965
169446246239856
169463227578257
169503345422928
169504730521660
169513711309570
169528199529142
169558712682836
169564025988189
169567574037290
169576215011795
169579738759224
169595575406307
169595853567356
169596511740008
169597340160558
169597520410090
169606579205617
169606686404234
169607201924720
169610071350765
169614865909752
169616854303587
169624373716479
169630291589450
169636584976670
169638683683887
169662606033645
169665406840217
169674201463023
169680945267353
169682399387040
169685038095197
169693770483578
169705825673660
169723252685953
169752568402673
169775960842526
169787124385001
169797090880849
169799012385736
169800344638646
169802912026429
169812151562556
169833235921947
169835472860669
169847084487280
169851358380250
169856152504007
169871184061901
169893033434975
169900041133942
169917854219301
169930748568655
169948169954940
169956148268554
169977544533712
169985077844215
170006306653030
170010030888518
170010157421585
170017187145045
170035129443305
170036413884904
170074613059093
170100973004166
170108733694147
170110186485579
170111530303930
170123303995640
170130084101996
170156209533774
170224346049254
170226654086054
170232802822417
170253665237623
170255462810542
170257666026189
170258038313700
170262029614134
170265919888774
170270157724683
170290804816384
170321847053076
170326359455079
170327153571589
170348520846691
170354439389865
170372893301693
170373483022740
170378917257127
170379534572999
170385613105369
170393739441324
170399089919641
170403114273809
170410301730829
170422770555924
170426898971481
170444154073362
170458945067319
170480982336753
170485986850306
170492496353564
170496023416967
170529815668464
170557228265266
170567178474464
170568736388114
170581234516498
170622988650245
170626814860620
170641059423531
170680182429141
170701978085779
170735421548255
170745843496532
170761996336827
170771892896487
170782703251176
170799630873243
170884117313520
170905166519862
170911235250447
170912144257291
170916254320558
170922018780960
170956242271578
170962859230862
170991604069267
170993986876030
171003022765020
171007151170167
171009221322119
171012310983397
171014041344370
171022319955022
171025032730192
171046907521548
171053698869554
171064945330589
171087430706578
171091877169024
171097556789421
171102383486709
171134277888008
171152585764478
171187546619345
171188642539520
171241054675008
171261564327145
171262348530668
171263685416016
171283299145200
171304052966457
171306878130928
171318341277642
171328610727198
171338372169247
171342603218294
171370984253157
171372405230034
171383809369522
171386162939828
171389571105269
171404896719930
171452395722576
171475084165913
171503629464843
171528842485657
171573834112803
171614493799936
171649849222978
171664335332642
171672804686211
171677841617184
171681308298847
171681788633363
171689765518669
171691157627541
171691217014964
171717528925367
171720328805243
171739378477155
171760287107261
171789388292817
171814077330887
171841327862749
171859403001224
171860483740056
171867990660646
171880958484814
171881273840995
171896946302147
171901198628146
171916308661766
171927091578012
171934869526291
171937538252082
171940775354622
171948215532467
171978059260755
171979951998853
171984537741737
171995193912824
171997664762126
172000712852499
172012564428984
172027193201551
172034482465455
172041007575059
172044048543776
172072008017872
172084339515290
172091853881694
172105356292826
172105634264177
172107986026181
172134200572127
172155292857131
172173747337258
172174139897237
172181155867235
172202451073884
172206929797398
172207153125205
172223260342077
172224549304486
172224897111813
172226601093818
172236737200708
172247380254948
172255529107124
172298034211556
172305625257264
172312251894838
172313101100340
172341928992113
172363746930670
172372007021918
172375656922481
172388799236522
172412758402144
172422647906174
172439523765830
172446056365229
172453526135880
172454596961724
172502174127467
172515154990264
172517993048354
172519916875099
172540938308317
172563190131522
172568708981698
172589271078132
172592804247392
172615973750300
172629599802884
172632119491033
172635515477790
172640946162635
172657143163570
172673320317656
172683058261139
172693427876731
172720347245936
172721899109614
172743850300779
172778520391744
172805656726097
172813169529850
172882527461134
172883252991502
172884270022871
172893634507105
172896693816102
172900307481555
172956546809894
172989272421578
173000541287456
173008703534702
173011926840136
173014311365596
173016504233371
173045163540513
173065089399706
173083478342001
173084942764992
173098463439281
173101690205180
173128338926180
173172854662008
173187997046788
173198836826910
173200290478184
173231254350865
173271059528965
173278787232546
173281582680927
173282445606625
173302479020880
173311492193120
173313393962008
173320265092446
173378161506090
173387987749918
173397026072607
173400464043145
173419203070075
173434543006572
173464548040647
173483293832075
173484629445309
173491771524963
173498275100695
173522681892765
173556322337969
173574648566693
173583196776209
173585928930223
173604062886490
173641202587713
173652100115162
173656753506497
173664750372803
173703189887479
173765056135276
173790631105917
173791069657032
173791518746289
173792054360074
173799676617772
173809107031036
173812793837292
173825146834687
173843813401535
173879448895037
173913414117657
173914418434202
173914754732134
173920975604119
173922184795687
173940828411352
173967108920324
173980414348205
173981684422713
173994348422549
174034188028087
174049349925368
174050160809064
174055996980026
174073642419525
174081463244992
174084649622916
174094865992862
174105645526321
174115099214566
174116777085929
174120554000378
174145801570598
174164874092581
174166465440022
174176868187164
174209343223142
174218783135776
174223518809911
174230604739154
174232775604205
174249935942899
174262406609536
174265303463643
174283925869954
174323760473925
174326750606168
174344648586773
174362523035949
174364723493956
174414528311548
174420286922083
174432855332710
174457426913703
174474097149749
174479801865632
174484303015081
174493726640963
174519162017801
174574712687061
174577451426819
174577475159726
174579029568132
174627511152740
174629983196273
174634145525645
174641031189907
174652580526817
174680526270212
174688051420465
174698878106821
174701225951228
174701763116384
174714102673506
174719961126198
174722387245773
174733156542692
174746269196526
174775964914039
174777101523522
174786916224367
174797436541201
174808498343540
174818334912783
174821018686188
174843373209150
174859278654238
174872299268845
174876636734659
174877805616584
174929655949572
174942276145592
174944339812096
174949237986929
174957214626351
174960289094482
175009427780155
175014016370276
175016926295659
175018595080232
175018723131439
175024195990460
175037542844884
175045167893417
175046665492857
175055355830443
175073563563342
175080291605457
175101565043888
175118856871303
175123758707710
175127618149911
175174961015033
175177247105034
175204447749059
175210754230467
175240867702712
175257021804197
175269640024391
175276442948538
175288039605587
175300313557356
175300365275852
175309287424607
175309292693473
175311557752456
175321054072379
175339033153046
175348955555019
175354504936415
175360001404737
175360183608380
175360361803621
175371307912158
175372934299937
175373084576657
175376984809300
175378630665059
175380738448457
175386031213935
175401494959674
175408856449088
175420229297628
175441956380379
175442187398863
175466955761861
175468785004715
175502268933861
175502790671418
175523151810693
175552099381595
175557494869098
175560279333527
175583159066528
175587825574255
175615993227742
175653354136161
175673979203084
175691237306846
175703024918837
175711386147395
175716640791605
175764643336031
175771211970149
175790757526279
175794639171898
175798232197395
175801109593399
175812458676852
175813087446349
175813378109491
175842840463789
175861717934279
175874987941913
175879029151957
175897593521637
