158523502296339
158971197928147
159007413408428
159725005958852
160597223266331
160822964680278
161316180052339
161486566798539
162095519205549
162231976159656
162296077538365
162670558844072
162975218116172
163009960755595
163274752726301
163960399939343
163999083176803
164100325595728
164187431085977
164312549640397
164418326263257
164544691181864
164561034039484
164771307599530
165904417114431
166129726217638
167421738613168
167591262065149
167974631874545
168304542556429
168388921485126
168638488387103
168836188255851
168943202636736
169174945445886
169403834312214
170506280374939
170692692334562
171179190202086
171389571105269
171452395722576
171677841617184
173404313662129
173915237444540
174265303463643
174553167751732
174579029568132
175189880596464
