158331960540537
158332132786071
158332479566069
158347896572362
158349907080224
158361043172380
158361233100408
158363981295702
158370532705339
158379209233853
158381362673562
158385394283472
158389237494648
158415182453418
158417629403030
158431219968393
158449698349729
158457158072892
158457636844741
158462203767375
158469931448355
158470787374203
158470946180098
158474396719827
158476624092918
158486475977892
158494251034766
158499100382462
158520472579900
158523502296339
158523564485111
158524440772611
158538127530503
158547076872216
158547854221999
158553510958389
158554468702607
158566928139454
158569670563777
158576531490968
158597650946137
158597725381560
158600500524481
158608442647901
158613130666396
158619332003289
158625931614442
158652035981502
158658027776666
158665965903565
158667536353291
158677887449809
158678181494925
158682672933005
158686902988650
158689595122877
158690108600528
158702278646967
158704781646199
158707407572338
158710014823166
158711257615432
158716208635547
158719114520091
158726687414545
158729823570612
158737031623179
158739497706293
158741870030627
158742104901589
158748162971267
158748762694259
158753875646051
158778501624296
158779612491739
158785279230606
158792936930894
158809359358705
158820602493283
158833059384904
158834688519073
158839190148651
158841285697026
158849568583107
158853825284786
158859947944174
158871844552353
158878100922406
158878591415181
158878995126354
158879142880499
158886537333920
158918949811830
158924338445613
158924582871228
158941220254870
158957994586060
158959134913030
158961300442585
158971197928147
158974939466904
158995081084925
158996487348628
159001064630455
159002618123978
159007413408428
159010032894067
159017088381450
159019620180931
159019855710267
159027233173734
159035904846380
159036339702489
159037879085553
159052982477232
159054900957470
159061946554909
159064166470526
159070864997352
159074404507222
159083534958543
159105361760020
159113107257623
159118187389405
159135445839351
159135931878669
159158994093759
159166030972277
159184867340427
159192594553211
159193554106108
159195228438791
159202627133997
159227596421038
159230191660240
159233435126003
159236140477581
159236497058277
159237727191918
159238798330691
159241728617175
159257637433736
159259335979572
159263409518127
159263969031547
159268428788590
159274295893033
159277346215890
159279664321198
159283597272771
159283813277292
159286228981274
159288523934846
159289184273335
159291337847345
159301574689586
159302992551746
159305785042131
159310669419178
159312498181694
159313763924994
159314546275476
159315827201097
159315921986268
159319295256073
159320297953848
159320770373908
159321570317213
159329091102673
159333702721733
159338439311034
159349266845975
159350121008426
159366182099921
159371258157177
159373274559835
159384710736632
159385838527032
159390950195120
159392860782861
159407073051449
159409582357480
159410448911173
159415381099217
159424377091278
159441803043248
159442876135411
159460688350574
159471723037690
159491820226574
159492650645278
159493104300043
159499738963172
159511829160586
159516334004943
159516816728746
159530723018553
159538029384153
159539194738795
159543372472960
159548642119797
159564762297346
159567784188047
159569350105718
159569739461657
159574566348723
159578440939531
159589967068173
159597578575843
159609496828310
159610201908774
159616867638432
159620386898454
159630980143562
159648536122246
159649290085235
159662195161867
159666344765500
159687383858044
159695366503219
159709589722664
159722814241288
159725005958852
159727864601462
159727974568687
159735650286185
159742563757647
159763539399719
159780515637122
159781278663913
159781372623735
159794788509950
159800724668239
159823916374954
159824401475615
159825670612904
159832813585551
159850029594074
159852516864487
159861613904633
159865424754568
159865801853147
159869802876063
159873897401033
159886814701527
159905022188860
159906633194171
159908935984112
159911758424227
159917485421472
159920752976651
159923276739473
159937679360607
159940022002517
159941905575626
159955542523264
159958065694192
159959419012115
159965807608279
159968057362598
159968511698888
159991708930561
159994433739140
159998289252427
160014380283455
160035523683520
160036384554472
160040703869499
160046092905353
160046425073000
160055494953135
160060987146928
160072971853149
160094911111392
160096954605739
160099178551551
160100757607950
160108866853406
160112528866054
160115183984323
160123898132320
160124065130801
160127210306329
160140397763185
160147124042111
160150613987902
160164974758487
160172627200670
160178648991373
160182125608266
160196825222185
160200072572182
160202652920214
160207205029151
160208971603024
160214864303558
160214883894529
160216493404124
160219291732361
160220078894275
160221792901094
160224364664308
160232695629531
160240965153710
160246604822040
160262339417243
160279459836576
160279777916131
160285827848340
160288513095199
160299773320398
160304079786841
160316367246251
160327631032405
160329595157934
160332644520973
160334553512243
160335541340826
160348750632831
160356203658704
160364123344297
160373872540753
160375079466182
160375388782637
160382115842381
160386516078471
160388178042937
160389096727698
160392166909566
160414939499632
160416177481228
160416785509288
160421786405859
160423012297886
160428300586611
160437604679011
160441184096620
160458340282137
160459401976618
160461856293996
160465344610220
160468402289262
160474509298120
160486824787667
160494361837873
160517352989503
160519552085832
160529862324996
160538973910904
160539834257349
160540997424196
160543429548701
160546710712143
160565576741004
160583420346708
160593277544786
160597223266331
160598686439676
160608035652931
160613695035186
160622398098385
160624448893465
160627989017217
160676843782384
160700797533764
160705658468290
160713107854871
160732451025267
160738457622136
160741310247813
160743340012210
160751738781951
160754323538944
160754569896177
160757685712539
160758015859699
160768262626162
160774469868003
160781522051009
160792620100148
160796629818880
160808942931014
160809416467713
160810452263562
160815558628412
160822964680278
160827067666673
160828360983375
160838871743937
160840180130822
160863008335233
160879382025402
160894913396781
160898866609000
160903264891389
160906956497293
160912054188398
160912916734755
160914024052516
160914733641646
160915273810430
160921087677700
160926504241100
160934811061199
160939213373386
160942823689976
160944895483203
160945080108908
160958163001695
160959305226514
160965979183512
160978137766046
160984216733009
160985082761964
160987223575832
160995140381571
160995385309981
160999448198468
161025711415388
161026697881825
161029788336535
161030721667161
161041380517009
161041599613791
161048054295409
161051361145228
161056650093151
161057347112870
161059962423822
161061272149479
161063094549499
161069140853689
161069951066927
161071231746661
161077355578561
161082937990895
161096049204491
161097644570385
161099471938081
161111538414000
161113066421739
161113400866202
161117756160163
161123454087980
161131543820231
161155213070272
161185036046215
161194426406854
161195932044067
161197631550300
161198968446673
161210063883140
161224660964072
161229529266832
161235146999635
161248973216632
161268383275788
161274622555341
161288938964168
161299543919269
161309060477956
161316180052339
161316910159573
161316921389885
161320959619630
161323049641970
161323752957953
161333428679337
161358534255335
161362654924356
161363912284409
161397601143670
161401347170197
161404413176915
161408552744983
161424569641807
161437300508167
161439595249436
161439672251904
161444775335211
161458406947750
161470169844548
161471190905072
161473307964706
161481561302342
161486566798539
161493333029161
161494902139852
161500909093995
161503278594525
161516001780818
161516374324600
161518044505731
161522455725936
161525388044263
161527768863847
161530201937950
161537696099133
161538145311488
161546004961744
161550764178804
161558649281543
161599321482108
161607810494206
161609121604380
161612928345657
161622378472855
161633097804488
161634223507712
161636541658169
161643666534861
161649247005816
161649754924211
161650543000876
161655386153011
161674221527572
161674530687909
161678762284218
161684259444763
161687821659980
161695542375710
161696422826740
161696605722149
161722916292519
161725975869418
161739772906743
161741603366109
161744078033660
161744237162643
161748675497821
161750642369730
161755182356252
161783445475908
161786721627080
161793436519228
161805942986175
161806185280299
161809662768150
161827248663680
161837467042492
161838835508321
161841234825072
161850245553068
161862201938760
161878550612688
161887550154674
161893739502403
161898356792229
161903588551816
161912053049167
161913737708128
161917147335938
161931413566900
161936633784149
161946369562092
161947818893125
161958040977848
161958090139907
161963300310243
161964831823465
161969185051867
161990112090129
161991194815701
161997615796200
162002829594723
162006405864049
162008248881718
162012267866113
162017518190055
162026886737514
162045606184666
162056133344357
162060122166154
162062346077926
162075413465641
162095519205549
162100950928369
162101265413403
162109322962963
162126949000974
162143908884470
162145751433392
162149669481487
162156689147010
162160024250651
162187936080669
162190652695796
162206870694867
162227978597131
162227984100275
162228651314916
162228647374747
162231976159656
162265666994901
162271350031743
162271414029815
162288421121708
162293400596105
162296077538365
162302509570198
162312916469886
162319535885092
162332264217237
162342295425266
162345195449095
162353597310877
162357758836689
162359351891222
162364312344765
162366494663234
162368926698416
162376625121680
162401428603321
162422486171404
162427078154826
162431826085567
162445618691077
162448102780389
162452745790066
162466173810626
162469029070669
162475053885737
162476616979509
162483182387496
162497448015575
162497716319181
162510929640829
162516587794997
162521124387347
162526711477575
162532440751781
162536072802906
162547359194155
162556028500367
162565476596250
162569322598361
162576463750936
162581242235188
162615428028631
162615748955395
162623855297868
162635233616788
162638326024777
162644872912908
162658666690854
162660520960845
162670558844072
162685716834772
162687133547412
162697337492473
162699388500010
162700186992335
162704482317607
162713681633569
162715482165286
162733213727515
162741934718082
162745061932509
162751470041891
162765750951851
162772925348145
162775029469835
162782873503620
162793730966312
162799567740384
162812693588826
162820336877490
162836799067882
162839609307304
162842915766244
162877209617917
162889912174877
162901449087737
162901892327205
162912478438872
162913721052642
162922327254198
162922790989041
162929294073653
162931705792330
162940513598223
162946977701760
162960756576985
162961682561894
162975218116172
162982282556974
162983453034845
162985702287228
162997040061924
162998653020781
163000517605419
163009960755595
163020148268472
163023686494867
163024827603081
163026228586544
163027208098635
163029108874383
163034718625538
163036484194379
163050996715294
163072440557325
163072677146756
163077760549937
163090179397934
163091155750918
163091477212970
163094131471483
163126298295296
163126462983519
163136832130188
163142752917271
163148613513647
163149888868615
163168869541589
163169954543986
163173018608846
163173421036629
163176035297745
163177397623728
163179387647343
163187890334388
163196730033142
163203487043221
163205640505196
163211416875812
163216704026241
163223239316549
163232914334336
163241057258650
163249638956508
163251878307216
163258173725847
163261433244211
163268706813054
163274752726301
163281019880102
163284594497926
163291550656837
163298348334280
163299553875731
163304052680961
163318155496470
163321733495836
163340377033664
163352644466513
163366536814162
163377554477641
163400373093010
163407196981116
163410964194266
163414442798777
163423342811148
163424418738476
163425701070204
163425735463388
163429088673589
163443139502165
163444528709281
163455609532977
163456034431722
163458018282869
163469300443243
163473875391688
163496786415231
163510884720571
163523453120040
163529519685244
163530878628706
163547228898759
163614184365145
163617944758085
163626336416922
163632251801224
163632558215349
163644114149073
163667416503643
163672609728574
163673216774892
163683976918283
163685676624960
163686091878629
163694713741991
163698358920648
163699853640926
163701129263649
163706544689061
163707427897307
163712142863990
163718484118246
163719394865501
163726499348254
163731857115664
163734441917815
163739493762815
163744396726265
163750543251860
163751578824874
163752795250255
163766334309942
163771677420799
163773090515982
163777211810244
163779563483070
163801360457193
163806491570115
163809544349124
163809627949093
163809988806065
163813489847738
163813533907800
163813930988264
163831238723938
163841352828596
163844723173679
163844794337593
163848182152779
163855207254578
163861488954419
163863598366659
163864175473964
163867381152889
163868269674469
163876846126847
163877299882057
163884574220866
163893730693439
163909899329578
163924864969303
163934861973953
163949194067099
163954211161044
163956013835881
163960399939343
163962432985525
163982766239296
163984641652422
163990840276064
163993908002337
163994870379373
163999083176803
164009967084617
164012386796459
164015237613258
164019595652896
164024246365114
164025540418386
164030029221767
164030612903144
164051648357347
164051913870040
164071206974278
164076299508426
164076313774548
164078836599172
164093490701437
164096215286847
164099092236307
164100325595728
164104267421537
164116094081687
164121319177391
164136705618831
164136826001405
164138307928633
164140305855755
164149778755300
164156094982057
164157956653209
164168697194385
164173849093881
164175576797325
164181035177680
164187431085977
164191798033824
164206464716218
164207104124129
164208121869525
164214293222003
164220408748463
164221365599459
164229247107349
164236843333213
164244443442866
164247675355376
164257733823652
164274534455121
164287299536578
164290188965999
164292416841423
164300719497061
164309973992010
164312549640397
164312773715823
164326065447068
164331597604208
164343997062024
164347197963196
164353922779662
164361674070427
164368416535131
164369076014198
164375854557883
164382803929971
164384621864558
164385143268095
164389666966861
164392913189980
164400559794518
164418326263257
164419509656946
164421489120470
164421884571255
164424932159491
164425946399852
164426087377881
164428548180686
164435497027941
164440852060620
164442783813717
164443658717128
164444317414345
164444512578019
164451517396379
164451570342901
164451651018235
164453010117934
164467861392918
164476434373327
164490140811380
164498016904897
164499465376710
164510467992002
164525204444167
164529543059497
164535343721065
164537336982352
164540810529798
164544691181864
164555795247716
164561034039484
164563750599031
164567538531234
164570639534042
164572586714377
164583537868801
164587008758964
164587238773512
164597175999736
164604129256590
164605604340416
164631348330667
164631618990165
164636730824678
164639722865376
164641756213128
164646643916849
164665422371524
164671770892359
164677926661227
164682506957573
164688264551895
164699446055458
164706956057007
164708627901447
164721929511599
164726692870155
164728924283631
164730939937829
164743128247175
164748499187051
164749498658978
164749640060868
164751830752110
164768423527693
164770072397775
164771307599530
164776282475232
164781765905539
164788102816871
164794386648811
164803753264703
164821026952948
164826161426737
164828284000436
164834063954805
164834438731305
164842238704148
164843558789571
164846928408928
164849479308794
164850581100839
164852747657331
164859583456369
164861790634348
164877912598112
164881526710626
164890628505970
164891438808797
164894568646013
164905824004637
164905921100403
164917330240902
164920207402494
164927036347697
164937192090561
164942842140557
164944803966647
164954877984735
164965589892942
164977517779033
164979826552884
164985364514712
164989321845336
164997347970550
165001504405599
165004287441002
165008450138401
165019849432732
165033049861658
165036257739239
165055613624291
165070694165396
165078209146414
165081107227822
165090600276770
165098308378396
165106797534849
165107613910532
165120284820708
165123647373267
165131185651851
165135184609346
165139683526665
165139813308283
165141256187188
165143791759837
165159631823361
165167518086803
165173756026438
165182829803395
165184109355470
165194429730868
165199858350576
165200437466623
165205079315608
165212061417495
165248286329810
165269386540726
165272578633943
165281929890228
165282972261318
165286419408345
165288610612536
165297012786759
165306163912053
165306543087037
165317657455853
165323340481299
165324436959799
165330396471582
165330714696382
165351249241664
165358287661013
165361753070474
165366433543663
165374072813667
165377370252907
165377710926660
165378017853852
165379267188354
165385985585814
165388640658947
165390434715293
165390647795648
165398841566976
165405986325727
165409377222256
165417385006163
165417717620244
165422837034680
165432907715510
165437161436803
165438219625550
165452634715660
165472763496304
165472825730249
165475087964501
165487061943523
165494899681096
165513433430497
165523962789751
165523994559690
165525530705653
165525954666512
165532727974850
165555495295686
165559334566596
165562924756631
165569179006340
165571412004724
165577532632533
165585893392062
165593575516757
165615380115427
165623483276469
165628999012636
165633556245682
165633641609484
165633963551341
165641796176135
165646031635004
165655325613425
165671069138558
165671600867593
165695107963614
165714410265531
165716405960841
165722760175240
165726570990969
165730709922729
165735410466586
165738509560891
165755410604102
165761923266384
165783922123993
165785343971347
165795765741283
165811800342847
165817166092161
165837785789285
165841969418042
165842690762413
165842819126311
165857942064426
165862579470090
165863165239651
165865820803951
165866976033671
165871863871269
165872706122535
165892218423965
165904417114431
165905393646209
165906046840642
165909544388439
165916684223778
165916822679314
165918133029768
165921450729865
165923790123769
165935722765572
165953103150034
165957057880373
165980775443834
165982874821085
165993511355843
165996679951165
166018845797060
166020362485636
166022089698288
166022846183747
166025252042302
166030545421389
166034734195759
166034767606806
166048568238782
166051894199445
166051904603365
166064929861503
166071435257029
166072980858266
166076508199976
166076649859083
166090529044979
166119914698321
166124313929008
166124522678123
166127026570269
166129726217638
166134076453853
166140257407082
166159314323628
166162307491582
166171256766597
166176581770771
166180805519488
166181603006870
166193059779510
166198422671727
166199604413163
166202762593233
166203272755503
166207139052208
166219400445460
166230237714259
166231667286882
166235037163057
166235935664743
166250153939285
166256959665167
166258212214088
166270747058027
166273097189823
166276033995898
166281440390530
166282138694321
166287369996322
166297579645051
166304204775207
166308844916204
166317268881077
166324137253662
166331084772755
166331575321205
166331867535822
166332611619423
166333555074886
166337429743983
166342873333102
166344905118282
166347339118508
166351400768091
166362081151792
166372765866575
166374755287570
166383021775265
166391311716744
166398510214152
166407128002712
166407421300819
166414517421850
166416525507606
166434223212329
166435044622209
166435077497184
166446169283136
166447992665250
166457649196980
166461845975286
166464941475454
166477269076937
166489566270617
166510995466692
166512073169068
166545634747862
166554585474095
166557078192288
166563440343195
166575954166545
166577625117905
166583644976398
166587165118379
166590271781280
166595075717528
166604860735427
166612931345360
166617204925479
166620534078883
166626542495953
166649359269283
166651904029170
166666124179061
166668615032714
166670845999899
166683448491578
166686807684673
166695985031413
166709840507591
166711222715164
166716639535631
166726888166242
166729916162598
166735953000869
166740991851909
166749549382573
166754207060378
166761055786516
166761878681206
166762874658783
166771038490522
166775095463098
166775952282732
166781843353430
166789693292169
166792460096084
166794742134447
166798850132848
166816881612534
166818844990678
166824642314016
166830690940025
166831258424551
166841007821955
166851479779861
166861546430840
166863519018105
166880460382216
166881447261704
166896672297712
166906772872338
166907248663705
166910024922791
166919019899336
166921361190730
166933930460854
166936850042385
166938157781685
166955287365339
166962876357009
166996803715147
166999129411837
167000659384448
167006518417598
167015626833432
167029652366421
167031127629589
167038502022979
167044174990372
167047177646771
167052423293254
167065142941336
167079429265573
167082029684597
167089962698434
167095817020990
167106969857786
167116599152004
167119353754858
167126001434500
167130029114728
167133317433751
167135456305359
167141805943072
167150914637650
167158675082182
167163121421984
167173796547310
167184643125922
167196683123410
167197343294088
167202948558129
167211585323946
167222231101478
167224807307781
167227543894147
167228753498608
167234566472605
167246568917393
167249431991741
167252700674606
167256659401253
167260049683379
167264588418899
167269482340444
167270967248341
167276612620610
167297874661245
167308122834652
167309258372667
167314130872084
167315618135075
167319874390015
167337955388484
167340772538242
167354871870688
167356230144428
167360991571377
167361780619640
167378527066447
167381805003263
167406575911556
167420211352981
167421738613168
167423469877420
167433463365957
167434291238738
167438012058920
167438789095939
167446604708311
167455200784899
167461762732409
167462778557484
167469171262134
167480928208952
167483880788635
167486063988731
167487211124984
167491311019574
167501968038993
167518979194487
167529169475742
167536414958045
167545845281839
167547792350956
167550714678093
167555153114289
167564280808265
167578954445131
167589166316000
167591262065149
167595201981919
167595801492756
167619860846519
167633740869506
167639895913239
167641911277122
167643376883674
167645622128204
167657100278747
167658853400745
167667047473690
167670671543332
167671921055692
167674485161623
167687417978386
167711092888372
167711832160470
167711991814571
167715911816464
167733960341513
167735303969704
167747964542772
167773822485368
167773939295650
167779715163834
167784723685068
167789444568215
167790483032353
167795674816530
167797619741794
167802159259229
167811323355723
167818081013571
167818984427123
167829617200090
167830093895559
167839244015863
167849589463454
167850529882646
167858157253416
167880090081363
167892895070590
167895704494509
167907851958583
167909713785896
167911513580744
167924914452653
167926775766776
167962899810154
167969238318413
167974631874545
167977472723687
167981885339250
167983897097780
167988445131960
167998147086500
168003251486297
168004484611652
168008513007062
168009704415665
168026147484447
168037770887781
168044685955783
168066915943585
168079132249817
168081058689350
168099404955436
168110605234903
168116265710894
168127577989742
168129013723922
168141665545025
168146925747667
168148184726566
168160895466545
168166804755018
168167231696893
168168946384201
168170536347365
168179113424635
168197822812857
168209186463680
168214443954264
168214460375285
168223689708808
168245367405342
168245928437194
168259777449903
168267235152835
168269339464017
168288655742834
168289140397429
168304542556429
168304651663959
168310947730707
168324153818702
168324912704367
168336365771205
168339869670844
168340476247835
168341098263916
168341317148370
168341940905464
168343637866668
168356908097626
168365622780966
168371105017062
168371606081149
168375329747431
168375543162446
168388322565766
168388921485126
168447266564546
168460062868154
168471648842174
168478905008066
168480927795749
168485416319717
168520172455305
168532193821205
168535127401580
168537140622058
168539590038535
168542218130829
168542788885867
168546158583527
168552294538363
168556328960857
168561515957145
168562344756905
168566071057600
168598085383380
168598299333915
168601264349233
168624011164007
168628209884435
168631141499365
168638488387103
168646315542453
168656008610975
168664303407963
168683727878733
168687487612634
168692801465665
168694383971360
168703392633757
168719435697042
168730739469425
168743153305729
168745734546091
168747010091387
168751125401323
168757655601160
168762913013593
168765278863744
168784744023109
168787306030666
168795773229318
168805504129850
168819737005180
168827553454893
168829316981173
168836188255851
168841564376039
168844699192045
168850311220894
168856788775368
168864715326380
168871564197406
168878197766663
168878805839705
168882445370241
168885587799335
168897747598131
168898156534091
168902323707691
168910213264241
168930907173757
168933619725504
168937016984655
168943202636736
168944632298801
168946666461604
168948937693715
168952863466719
168953639019074
168954754038832
168956426452009
168962197442499
168969488380973
168986063642233
168991878848920
169003981436978
169018634154736
169029551697465
169035995059231
169040682509569
169048849087877
169054014527817
169076120594879
169077696124046
169086296509357
169091749866560
169097934224201
169100030788049
169100599645260
169121041760968
169122309905238
169126330507944
169127433394032
169129121837198
169130004186348
169132193370463
169133724939578
169154195431272
169163608709478
169167610592239
169174028234887
169174945445886
169175629606730
169184198668312
169190860279445
169221758579893
169239113367262
169240870854217
169244195665061
169248462234442
169249182853522
169257995593685
169273722240647
169276025833963
169276663121156
169292109452653
169293269002440
169294058497045
169297591364412
169301210031323
169303181569597
169309906843463
169324265771905
169328199448568
169334933608657
169339370771236
169340482855666
169345240287039
169351472075831
169353273411195
169362165955934
169369003864339
169378137128871
169379165468281
169382422697718
169388811751867
169403834312214
169412489184491
169420451557514
169434579310982
169437090235965
169446246239856
169453556367542
169463227578257
169473281179724
169494050863699
169502424304348
169503263005606
169503345422928
169504730521660
169513711309570
169528199529142
169528811911211
169537392928476
169550042405403
169558712682836
169564025988189
169567574037290
169576215011795
169579708641613
169579738759224
169595575406307
169595853567356
169596511740008
169597340160558
169597520410090
169606579205617
169606686404234
169607201924720
169610071350765
169614865909752
169616854303587
169624373716479
169630291589450
169630364484356
169635594089265
169636584976670
169638683683887
169654820159151
169662606033645
169665406840217
169668406818201
169674201463023
169677019226385
169680945267353
169682399387040
169685038095197
169692192878011
169693770483578
169705825673660
169706660668771
169714359750252
169723252685953
169732678064260
169737275506317
169744172690943
169752568402673
169769150283127
169775037837814
169775356966963
169775960842526
169783990830208
169787124385001
169791193457820
169797090880849
169799012385736
169800344638646
169802912026429
169812151562556
169813049071312
169833175842403
169833235921947
169835472860669
169840242236195
169847084487280
169851358380250
169856152504007
169856373576560
169859113589219
169867843801188
169871184061901
169871296484345
169878259151938
169879262217848
169893033434975
169900041133942
169901592170897
169905833300054
169909964651490
169917854219301
169930748568655
169936326393789
169941689330198
169944377189097
169948169954940
169952886997650
169956148268554
169976974414885
169977544533712
169985077844215
169990127166162
170004854285779
170006306653030
170010030888518
170010157421585
170011671319543
170017187145045
170035129443305
170036413884904
170038314995418
170071553236350
170074613059093
170092444586682
170099500130150
170100973004166
170108733694147
170110186485579
170111530303930
170113045150775
170115653305397
170123303995640
170130084101996
170149733798456
170151470387521
170156209533774
170187624805844
170190596585306
170200285568021
170209435253172
170222942609780
170223012378660
170224346049254
170226654086054
170232802822417
170236722053890
170241260823510
170242702552066
170246914567934
170253665237623
170255462810542
170257666026189
170258038313700
170262029614134
170263857785409
170265919888774
170270157724683
170279891092031
170290804816384
170295853624810
170309878365749
170321847053076
170324993780393
170326359455079
170327153571589
170333737912296
170346882000787
170348520846691
170354049543466
170354439389865
170355807063443
170357905447228
170367404792067
170372893301693
170373483022740
170377969437006
170378671882378
170378917257127
170379534572999
170385613105369
170393739441324
170399089919641
170403114273809
170410301730829
170422770555924
170426898971481
170433646638535
170444154073362
170444654646287
170458945067319
170465300096584
170479653890244
170480919913280
170480982336753
170481994512119
170485986850306
170492496353564
170496023416967
170496758357507
170506280374939
170522199159875
170528770405950
170529815668464
170542844141587
170557228265266
170567178474464
170568736388114
170568865221323
170574132445632
170576021008555
170581234516498
170598901388731
170612291567275
170617771056863
170622988650245
170626814860620
170641059423531
170646843151115
170667752160800
170678002990668
170680182429141
170684176721263
170692692334562
170700800038958
170701978085779
170735421548255
170745843496532
170748360348483
170752719348627
170761996336827
170768558953917
170771892896487
170782703251176
170787828727605
170789816708185
170799630873243
170800005170150
170829064482668
170861559288048
170870209929329
170872385773118
170876280133924
170884117313520
170895088237501
170905166519862
170911235250447
170912144257291
170916254320558
170920761565353
170922018780960
170924828864168
170941745066808
170942981305938
170945776319501
170956242271578
170962859230862
170978291854563
170991604069267
170993986876030
170999897616607
171003022765020
171007151170167
171009221322119
171012310983397
171014041344370
171022319955022
171025032730192
171038893452472
171039299943463
171046907521548
171053698869554
171064526727926
171064945330589
171065283928090
171087430706578
171091877169024
171097556789421
171102383486709
171108918732457
171117103819387
171134277888008
171152585764478
171154384699451
171179190202086
171182547374647
171187546619345
171188642539520
171205980883492
171208232044190
171214195418866
171226065023059
171236191541418
171241054675008
171261564327145
171262348530668
171263685416016
171283299145200
171298801961930
171304052966457
171306878130928
171315027171865
171318341277642
171328610727198
171334028072699
171338372169247
171342603218294
171342748292964
171351884091679
171355964986103
171367942324943
171369383696586
171370984253157
171372405230034
171383809369522
171386162939828
171389571105269
171404896719930
171406522751021
171413511572681
171424958165278
171429980349502
171432809979466
171435991255618
171441060861382
171452395722576
171454140784382
171456538460422
171475084165913
171487532841887
171494873868861
171500231826281
171503629464843
171510902040605
171515034687107
171528842485657
171547323389042
171549130606620
171561300809729
171573834112803
171591321238094
171614493799936
171614589891397
171618630721460
171637294129913
171649849222978
171655544103729
171664335332642
171666504891277
171672804686211
171677841617184
171681308298847
171681788633363
171689765518669
171691157627541
171691217014964
171696859574439
171717528925367
171720328805243
171734434512047
171734498777484
171739378477155
171760287107261
171789388292817
171814077330887
171814700742460
171836142887756
171841327862749
171850725479305
171859403001224
171860483740056
171863184179338
171867990660646
171878098949977
171879083753094
171879220957706
171880958484814
171881273840995
171893459962456
171896946302147
171898724284413
171901198628146
171915272396990
171916308661766
171924557098885
171927091578012
171933793030148
171934869526291
171937538252082
171940775354622
171948215532467
171949040056637
171957821740772
171960403328174
171966780326192
171978059260755
171979951998853
171984537741737
171995193912824
171997664762126
172000712852499
172012564428984
172027193201551
172034482465455
172041007575059
172044048543776
172070099673664
172072008017872
172084339515290
172091853881694
172097258456767
172100005914782
172105356292826
172105634264177
172107986026181
172122369402132
172134200572127
172139993117849
172143991027282
172155292857131
172159198045552
172173747337258
172174139897237
172181155867235
172202381963618
172202451073884
172206929797398
172207153125205
172223260342077
172224549304486
172224897111813
172226601093818
172227095884527
172236737200708
172247380254948
172255529107124
172266664239139
172273286321972
172288225672853
172298034211556
172305625257264
172306583459165
172308258998224
172310443995585
172312251894838
172313101100340
172326794165435
172341928992113
172347942610921
172363746930670
172364574814995
172372007021918
172372322410877
172375656922481
172382262886172
172388799236522
172399855323254
172412758402144
172422532145621
172422647906174
172434722754332
172439523765830
172444801238226
172446056365229
172453526135880
172454596961724
172476522757112
172479382046666
172489409727805
172496456440687
172502174127467
172508733049845
172515154990264
172517993048354
172519916875099
172525950576144
172540938308317
172563190131522
172565428253465
172568708981698
172573908837422
172579172378222
172589271078132
172592804247392
172599958963073
172603420365030
172605057190186
172605170081802
172607855117219
172615973750300
172629599802884
172632119491033
172635515477790
172640946162635
172657143163570
172671630188890
172673320317656
172683058261139
172685558816064
172693145016699
172693427876731
172696707466333
172709317370388
172713301515075
172720347245936
172721899109614
172743850300779
172756163323224
172759986676153
172761715495625
172778520391744
172805656726097
172806907868026
172813169529850
172819996789383
172838912660339
172850464252341
172867210631366
172876712209098
172882527461134
172883252991502
172884270022871
172888689994442
172893634507105
172896693816102
172900307481555
172956546809894
172989272421578
172993156467384
173000188847495
173000541287456
173008703534702
173011926840136
173014311365596
173016504233371
173032327160994
173043116942257
173045163540513
173050887322296
173054894351299
173060355176687
173065089399706
173080827276388
173083478342001
173084942764992
173098463439281
173101690205180
173128338926180
173129060962836
173137508437071
173139207819719
173160754050056
173162487792843
173172854662008
173187997046788
173198836826910
173200290478184
173206216869102
173207933074478
173231254350865
173231839316092
173241973637046
173250897370993
173251745594856
173252164030502
173253943162083
173258352563015
173271059528965
173278787232546
173279098380298
173281582680927
173282445606625
173302479020880
173311343993149
173311492193120
173313393962008
173320265092446
173331298841889
173367327887652
173372332892832
173378161506090
173384102353282
173387987749918
173397026072607
173400464043145
173404313662129
173413002246523
173419203070075
173419847188661
173429700826076
173434543006572
173443044599339
173453197729917
173464548040647
173483293832075
173484629445309
173491771524963
173498275100695
173522681892765
173536881268153
173551748874617
173556322337969
173574648566693
173583196776209
173585928930223
173590294560925
173595875187387
173604062886490
173619140290752
173626166877865
173641202587713
173652100115162
173656753506497
173663612836630
173664750372803
173666763392562
173667399887237
173691664305640
173703060318366
173703189887479
173703629588437
173708764028723
173747232511374
173749966116752
173750471746782
173758356257184
173761986600681
173765056135276
173765780482581
173766521362593
173768006024251
173786552756462
173790631105917
173791069657032
173791518746289
173792054360074
173799676617772
173809107031036
173812793837292
173813147236186
173825146834687
173831727580367
173831890471560
173843813401535
173848427689345
173856257344384
173879448895037
173913414117657
173913678904964
173914418434202
173914754732134
173915237444540
173920975604119
173922184795687
173940828411352
173942405793864
173959589764068
173960286762299
173967108920324
173973870730306
173976601042644
173980414348205
173981684422713
173994348422549
174000885856469
174012751910804
174025752520589
174029802739927
174034188028087
174040481705743
174049349925368
174050160809064
174055996980026
174063626783628
174073642419525
174081463244992
174084649622916
174092197948183
174094865992862
174104899901851
174105645526321
174108258358350
174115099214566
174115488435898
174116777085929
174120554000378
174138626057416
174145801570598
174164874092581
174166465440022
174176868187164
174201967244058
174209343223142
174218783135776
174220937613606
174223518809911
174230604739154
174232775604205
174249935942899
174255419172029
174259076507704
174262406609536
174264444579203
174265303463643
174282568019636
174283925869954
174284804222230
174286277933502
174305262736550
174323760473925
174326750606168
174344648586773
174355483310195
174362523035949
174364723493956
174369275223742
174384439856347
174402826197890
174405689160200
174414528311548
174418073000970
174420286922083
174426503630502
174432855332710
174441491987001
174457426913703
174466675972128
174474097149749
174479801865632
174481824340300
174484303015081
174493726640963
174498553628927
174519162017801
174553167751732
174562128022475
174574712687061
174577451426819
174577475159726
174578403154383
174579029568132
174581892474783
174581932405183
174611388139968
174627511152740
174629983196273
174632643437851
174634145525645
174641031189907
174652580526817
174671360778509
174680526270212
174686524875327
174688051420465
174690813782317
174698878106821
174701225951228
174701763116384
174710172971437
174714102673506
174719961126198
174721164635773
174722387245773
174725170515469
174733156542692
174736919301832
174746269196526
174758195419804
174775964914039
174777101523522
174786916224367
174797436541201
174800327645670
174806800690699
174808498343540
174813220788912
174818334912783
174818377064510
174821018686188
174823774416197
174825538288091
174839152597568
174843373209150
174856370336056
174859278654238
174859288678833
174862032654222
174872299268845
174873493736473
174876636734659
174877805616584
174898801686884
174911605168853
174911754552586
174916555508247
174927018770401
174929440614262
174929655949572
174938661888282
174942276145592
174944339812096
174949237986929
174957039533696
174957214626351
174959190361435
174960289094482
174988617808866
174999331513806
175005040314466
175009427780155
175014016370276
175016926295659
175018595080232
175018723131439
175024195990460
175037542844884
175045167893417
175046665492857
175055355830443
175056694837097
175073563563342
175076842370888
175080013422165
175080291605457
175101565043888
175111821153554
175116584958557
175118856871303
175123758707710
175127618149911
175146589345498
175160923336198
175173859446445
175173978433154
175174961015033
175175628609575
175176752604655
175177247105034
175187021060945
175189880596464
175204447749059
175210754230467
175213277311845
175220746590860
175232469200504
175234805033084
175235875703030
175236325472898
175240867702712
175256277296351
175257021804197
175269640024391
175276442948538
175284049120249
175288039605587
175296518738308
175300313557356
175300365275852
175309287424607
175309292693473
175309427699238
175309588067593
175311557752456
175321054072379
175335576673572
175339033153046
175340376066304
175348955555019
175354504936415
175360001404737
175360183608380
175360361803621
175371307912158
175372934299937
175373084576657
175373598434337
175376984809300
175377656455498
175378630665059
175380738448457
175386031213935
175401494959674
175408856449088
175420229297628
175434958526998
175441956380379
175442187398863
175445501426476
175463205226666
175466955761861
175468785004715
175474755980684
175477707354506
175482231277327
175491028466803
175493202423875
175502094588823
175502268933861
175502790671418
175515669124772
175519074856303
175523151810693
175523970631055
175543436003231
175549120892306
175552099381595
175557494869098
175560279333527
175571784766101
175583159066528
175587825574255
175592077620305
175615993227742
175620541697947
175630158410606
175632511970425
175634010943192
175644226899762
175653354136161
175663998228186
175667402230313
175673979203084
175691237306846
175692543393948
175694134953133
175703024918837
175711386147395
175716640791605
175719039527835
175722684616971
175728622394527
175735875545920
175754859266683
175762528006776
175764643336031
175770640813473
175771211970149
175772955134620
175776717291045
175783028226657
175788221596077
175788531661142
175790757526279
175793102456905
175794639171898
175798232197395
175798423598858
175801109593399
175812458676852
175813087446349
175813378109491
175814191895052
175824672057757
175825151522016
175833117913661
175837436848803
175842840463789
175848093421952
175861717934279
175862181178094
175874987941913
175879029151957
175895997831869
175897593521637
175905482676105
