264060651946591
264109701204872
264060651946591
152744664337346
271434248493312
208798377838778
264109701204872
154548810031837
279840259430625
199211529776014
264289093498668
146543326817676
264853472081734
207849221201991
264593222850119
143454841277109
273129165917867
198592793773816
264596903851107
150868584480272
275786067836783
196546153278154
264694790839702
151885078454497
264638590654750
209064075052624
264969973758492
146767620828085
278963409462616
203426192200752
265185991149229
149496281649443
266716783962257
196568993631006
265209371399324
157990969993023
274376825689062
194032392267510
265591748144718
144584997482928
269892125210380
200796680820090
265685880880109
141697348775558
267901418244746
209653900132230
265761818518836
148328307964528
272429903987062
205015325513644
265905218950694
154451178455708
269868784433223
210189632557041
266076457961807
144307232054187
272102679021866
202012858093119
266252864711741
157128329221690
264494160757723
210198931882331
266380872885609
148412747432481
277465305356346
209247383918899
266437110405067
150152904489568
273288243426314
195737027319400
266497861911604
145054085753200
273624537480117
204097652780778
266498824980207
156368852892050
279256401106779
208030953416770
266629968349929
156879873900275
279820407234240
200356568205014
266969212572034
151718956510080
271184620151201
211087111548620
267048615028877
146536318371456
279593316665265
202979098382925
267149633216483
155684221914918
273119674280347
203096322569062
267358476288451
154802144182490
268623611388338
209060598651568
267543812588147
148461341074301
269380046223329
193874600755711
267907779259642
153805187869719
273127980478060
207991622887392
267930357892316
140930471390639
278323036737833
195222507821978
268075412619741
154731187006763
263967909730033
197064265561450
268084510854546
148230635802625
269022587544968
196687254160289
268164258907889
146613367898680
270121149742813
201534724000798
268409366989781
157442207160471
266668010372379
196113893789259
268436897848147
147519652273279
272210114422977
209692406485061
268472885825359
149646313672094
276916293118326
195023284545340
268490474667671
152458133884659
276621004795557
210592941309532
268538708711945
151086601286558
276234762012540
198917250436516
268656683601844
153829440733321
264354435271932
202334202937107
268978568247470
141676869267400
272633385300225
206968301042876
269019557735437
146278802811005
265349865309542
201153826041014
269753080234300
153598443674085
268891711579956
199085793817209
269761785083465
154346598244612
269619633481824
207480710690605
270058612299580
154801775009868
274790881615318
200800198961389
270105017011231
149912947885702
280403569298829
207359354765394
270406767596530
155169619128749
267640065952154
203342449849815
270409685258336
157965089685095
275680669435330
198329279337556
270694991592013
153934493847168
272614913935175
206359810844765
270745670352615
150934705766595
274238411540490
197720051654039
270932546449271
153527606303716
269787242985574
196961615583954
270934055692006
148695744426249
273447680481595
203431633163991
271061105987819
150298346974176
281096692222272
208847692953539
271189804450577
151937321617245
278860087061128
205598652599434
271388341580975
155646933649489
273691513086239
203652671697708
271714749345587
155900427783346
274946046443453
208483763441672
271935038731256
144874958861996
280406627899558
199850379734029
271952025193646
154916478072720
266386470271958
210578040102133
272041012013373
148255936945693
266465706221419
204949058899407
272488678554727
149791765386739
274200078872955
197751775483014
272871430054734
148002109944824
265978414768751
203945877734225
273054576724535
156333390458479
281411926854660
206329076393029
273138325979448
146693957120737
280206096419047
199680364846800
273213745095396
145605219227875
264157785004084
204454845558710
273256807805009
150634150932339
268917737859455
197548787085096
273913499845136
144918092691533
280460839946961
210668426353947
274007633708013
155825478947867
276410525630343
202985663820154
274048091254492
142788772187434
280013714863824
202153039191954
274107191022026
155731687589512
270084779601054
198111917825920
274109738326891
143543659968728
278475982568448
205641583947125
274222816203055
146695521905739
273009532519192
194320700267736
274711034184116
154281178082969
278147260082292
204489177409773
275044914643463
153913004325829
275548312157355
202102144283123
275071376886171
156692389099980
266992671829098
193974688884352
275111500055022
152706500693895
267658986125316
197555602994848
275772052865562
149760980740303
273885040713359
199981772418527
275790026498501
146730772915100
268574268393041
207811979614215
275834155602762
156679708937305
279862711512478
200898198382325
275950519252734
149601221912462
271268782312390
206344722925537
276026341242173
153962957746849
274668593623738
204161368153756
276190625209916
142111607487662
273457011004760
200344274942019
276195902090643
148489728020079
273201810551128
195146707141525
276205997944300
145579846629099
269710609328938
210150001971193
276231056144357
149153375654854
272528587730520
199340392310939
276254877189347
156531903639997
265706615891726
203408442587367
276451949192756
143879872791620
267059089296229
207494381484507
276452891308901
158247670126229
279013345266299
206650917893396
276602669832629
143052386862117
279092252224474
207374564717656
276616916216368
151519057808043
268063767715346
197637479808537
276706548392915
148244970575163
265301124981678
206815943414199
276984004207868
152845107361108
280060228626574
201446358289081
277011668039773
144749201801687
274521013629051
193720328428645
277149186520858
144956309733167
270890187773705
209846213914975
277180457499742
149115178616024
278064244297472
201369895468937
277568446117667
155916715861513
272738365481923
194376643748194
277576446065762
157251945237141
268180125930582
196797402539410
277781523554026
151961979917002
271358925219430
202344396195296
277791423964837
156871229229746
274955475359625
199466949393323
277815106432097
158320639990914
270607958079674
200911445638477
277881927450470
155904095463335
277745548814557
206579263753670
278276352766755
146612412098415
278108305714334
201437077996956
278309444046669
154904252644921
271914832551012
210990247640294
278311815768318
154546870788365
268663818089425
208587749336973
278312801476240
154931233510232
265599976819387
206723745556412
278680568683036
143764886712034
265503829505239
208495193598453
278726125952818
143237355931109
276115855331342
204826452553568
278739538546096
157314038188147
266909526233135
198465903733762
278931873011293
146459022055377
272169533514666
199546471396993
278991776551140
151224351885182
279282133897505
198716052887688
279328656385383
147584928785517
271953106246063
203551880081474
279346027828108
142927098862216
280573113318120
204296675561061
279422862138415
141293507448645
275272484737630
208429239639966
279982840436202
145528404045443
280715836385860
209670310216989
280025683669820
155184792566432
270167460487707
204592760608609
280129090580469
141724657205131
267738846732768
197999386878516
280196636180818
147685931640478
266986481914692
194560673796000
280204415993609
150536809729410
268455742366452
195912687100135
280294377346166
143785679113297
277037753522406
208108112278651
280557566338159
143515334435896
278579233166436
199176571451819
280595567603108
155027898140601
266620574265556
194974922857491
280643744536866
149963059450272
271340643425055
206187436265574
280671662529286
156205561826509
278435310066093
210113561004219
280987933238260
158075604622847
273866235372739
203861950750580
281208865111890
140965705020655
273533666975966
204253995588686
281363853694274
151386609759746
268205398302243
210602567857842
