264060651946591
264109701204872
264593222850119
265209371399324
265591748144718
266380872885609
266437110405067
267358476288451
267543812588147
267930357892316
268084510854546
268436897848147
268472885825359
268656683601844
269753080234300
270105017011231
270406767596530
270694991592013
270745670352615
270934055692006
271061105987819
271714749345587
272488678554727
273213745095396
273913499845136
274007633708013
274048091254492
274222816203055
274711034184116
275044914643463
275071376886171
275772052865562
275790026498501
276452891308901
276616916216368
276706548392915
276984004207868
277011668039773
277781523554026
277815106432097
277881927450470
278276352766755
278309444046669
278311815768318
278726125952818
278739538546096
279328656385383
279346027828108
279422862138415
279982840436202
280025683669820
280129090580469
280196636180818
280204415993609
280294377346166
280595567603108
280643744536866
280987933238260
