158330777359000
158331960540537
158349907080224
158361233100408
158363539931619
158363981295702
158379209233853
158381362673562
158383514628897
158388270206470
158391066949990
158401749432195
158402409971152
158415182453418
158417629403030
158421122027743
158432865345146
158449698349729
158452743001327
158457636844741
158462777681056
158470787374203
158470946180098
158473836837826
158474396719827
158475225341135
158476449179086
158476624092918
158494251034766
158499100382462
158515666701918
158520229337522
158523502296339
158523564485111
158524334266422
158524372622165
158524440772611
158535001466506
158536564994786
158538127530503
158541788047726
158566928139454
158595429233677
158597650946137
158597725381560
158608442647901
158613130666396
158619332003289
158622703330628
158640601534407
158648675649362
158650401120460
158652035981502
158655024360399
158658027776666
158663416276581
158663518395947
158667536353291
158672618427528
158677887449809
158682672933005
158687600723073
158689595122877
158690108600528
158690541480782
158692039962792
158702278646967
158707407572338
158710014823166
158719114520091
158737031623179
158741870030627
158742104901589
158745632198812
158745733358353
158747430419008
158749262776678
158763089172695
158778501624296
158779612491739
158809359358705
158820602493283
158834688519073
158839190148651
158841285697026
158847129314136
158849568583107
158853825284786
158878100922406
158878591415181
158878995126354
158886537333920
158887928717232
158906947065864
158918949811830
158924582871228
158941220254870
158949199997188
158950276884710
158957994586060
158959134913030
158961300442585
158967255522651
158971197928147
158989742941310
158995081084925
158996487348628
159001064630455
159003395004387
159007413408428
159017088381450
159019620180931
159019855710267
159027233173734
159028375822438
159035904846380
159036339702489
159046123202156
159054900957470
159060418033044
159061946554909
159074404507222
159113107257623
159118187389405
159127117296832
159135445839351
159135931878669
159158994093759
159184867340427
159192594553211
159193554106108
159223802684297
159227596421038
159230064613495
159230191660240
159233435126003
159236497058277
159237034480646
159238798330691
159240571556798
159257637433736
159259335979572
159263409518127
159272968852702
159279664321198
159283597272771
159286228981274
159288523934846
159291950519554
159295696009474
159301574689586
159305785042131
159309033643131
159312736077020
159313763924994
159314546275476
159315827201097
159319295256073
159319460658685
159320770373908
159321570317213
159325242321152
159349266845975
159353228240777
159366182099921
159371432892147
159373274559835
159374098447380
159383781759597
159384615593813
159384819420277
159388340633151
159392860782861
159415381099217
159427976580521
159432574401683
159440503721473
159441803043248
159449327892088
159459140270974
159460688350574
159491820226574
159499738963172
159507965922733
159511829160586
159516334004943
159516816728746
159530723018553
159540232387611
159564762297346
159567784188047
159568154164472
159569739461657
159570543300792
159574566348723
159578440939531
159585609899227
159589967068173
159592468303582
159597578575843
159610201908774
159616867638432
159618214415116
159622714303329
159642487585361
159648536122246
159649290085235
159653734928672
159666344765500
159667501680101
159674589206137
159695366503219
159696022208593
159708514722344
159722814241288
159725005958852
159727974568687
159742563757647
159745926199174
159752596695743
159756850662123
159763539399719
159777047581760
159780515637122
159783139308390
159824401475615
159825670612904
159836682125769
159850029594074
159852516864487
159863203476676
159869802876063
159886479229780
159890925111576
159906633194171
159912692994106
159924589624685
159928072459224
159935209258418
159937679360607
159939857737872
159941905575626
159955542523264
159958065694192
159968511698888
159973313737155
159994144303998
159994433739140
160040703869499
160046092905353
160055494953135
160058957683454
160060061485202
160060987146928
160065980173555
160096954605739
160100757607950
160103900025874
160115183984323
160123898132320
160132322297533
160164952186672
160172627200670
160194654055190
160196825222185
160200072572182
160205892423026
160207205029151
160214784231073
160214864303558
160221792901094
160223020578393
160224364664308
160237446507834
160240329898779
160240965153710
160246604822040
160266423269746
160279777916131
160288513095199
160293177671885
160299773320398
160304079786841
160308562729576
160325799635194
160342971281493
160350233754396
160373872540753
160375079466182
160381042092213
160382115842381
160388178042937
160392166909566
160414939499632
160416177481228
160417855944305
160421786405859
160437604679011
160441184096620
160442411227744
160458340282137
160459401976618
160461856293996
160462334663633
160465688911539
160468402289262
160474509298120
160486824787667
160490031259291
160490256127408
160505269612602
160512724279171
160513617043315
160529862324996
160538973910904
160539834257349
160554174220340
160565576741004
160583420346708
160593277544786
160593977836013
160607895679836
160608035652931
160612792447603
160613695035186
160624448893465
160625678457661
160643561658827
160649984681972
160660802282166
160668163580859
160684779118392
160688843067605
160705658468290
160712388095384
160715401457478
160716178393717
160717172373094
160720153295569
160735414867655
160738457622136
160741310247813
160743340012210
160751738781951
160754569896177
160758015859699
160768262626162
160769668164628
160769690133657
160774469868003
160777049144168
160777927441091
160781522051009
160784963102698
160796629818880
160809416467713
160810452263562
160815558628412
160817124200222
160827067666673
160827910431773
160832859486983
160836853790543
160838871743937
160840180130822
160858475303861
160863008335233
160879382025402
160881084433092
160888294942297
160894913396781
160898866609000
160903264891389
160912054188398
160912916734755
160914024052516
160915273810430
160918276891195
160921087677700
160944895483203
160958163001695
160959305226514
160975836628029
160978137766046
160980826272354
160984216733009
160985082761964
160995140381571
160995385309981
160999448198468
161015128373565
161025249958054
161025663302984
161025711415388
161029314643522
161029788336535
161030721667161
161035623826129
161041380517009
161048054295409
161056650093151
161059962423822
161063094549499
161069951066927
161082937990895
161096049204491
161097131238126
161097644570385
161104019392047
161111538414000
161113066421739
161113400866202
161117756160163
161123454087980
161131543820231
161138046726117
161144985638401
161155213070272
161166982319075
161168765312878
161176964823015
161185036046215
161185489467201
161187693598031
161193410402860
161194426406854
161200343978530
161207934232064
161210063883140
161213594640977
161224660964072
161230760739577
161235146999635
161248973216632
161268383275788
161279260698465
161281709065458
161288938964168
161295458470305
161297412549021
161299543919269
161299794183270
161307989473376
161320959619630
161323049641970
161324991252197
161327230077419
161331308951684
161332427131197
161347620151540
161354944969855
161363912284409
161389413880317
161394080979886
161397601143670
161401347170197
161404413176915
161407296757391
161408003947547
161410463399215
161434571658401
161439595249436
161439672251904
161440119778676
161444775335211
161452976139715
161458406947750
161463293333624
161470169844548
161471190905072
161481561302342
161482633969922
161492631008377
161494902139852
161495550689980
161500909093995
161503278594525
161505737142533
161516001780818
161518044505731
161525388044263
161527768863847
161530201937950
161537696099133
161538094073216
161550764178804
161555577570034
161558649281543
161558737369088
161581925079207
161599321482108
161602395236587
161607810494206
161609121604380
161612928345657
161632954080481
161633097804488
161634223507712
161636541658169
161643666534861
161644132525087
161645083348011
161649247005816
161650543000876
161660428229733
161662717892500
161678762284218
161684259444763
161687821659980
161693225330326
161694615284839
161696605722149
161708322136424
161715680979367
161722916292519
161725975869418
161738111656446
161744078033660
161747717843503
161750642369730
161755182356252
161764707119520
161779200461897
161786721627080
161793436519228
161797039022139
161805942986175
161806185280299
161813000806907
161827248663680
161838677182856
161841234825072
161850245553068
161862201938760
161880012959705
161887550154674
161889564190643
161893739502403
161897470580812
161898356792229
161912053049167
161931413566900
161947818893125
161948740156714
161950747114964
161956168869418
161963300310243
161964831823465
161976161996659
161980482405597
161981735512701
162018327599729
162025425450995
162025569409863
162026886737514
162033687016027
162060122166154
162062346077926
162066140763353
162066569714434
162079298225724
162095519205549
162100950928369
162126949000974
162129088676653
162143908884470
162145751433392
162160949432269
162190652695796
162228647374747
162228651314916
162231976159656
162232032421124
162237444296567
162263093345341
162264708045687
162271350031743
162271414029815
162288421121708
162296077538365
162298777676709
162301698541745
162302509570198
162319535885092
162319854176716
162332509034117
162345195449095
162350190418002
162353597310877
162357758836689
162359351891222
162362846280408
162364312344765
162366494663234
162368926698416
162376625121680
162384510257356
162401428603321
162421235330143
162427078154826
162445618691077
162457236780939
162466173810626
162469029070669
162472850145170
162476616979509
162497448015575
162497716319181
162499479554416
162510929640829
162516587794997
162518107341271
162518874923421
162521124387347
162526711477575
162532440751781
162536072802906
162547359194155
162556028500367
162565476596250
162566791199848
162569322598361
162577943980880
162611651628270
162615748955395
162637784237701
162654801286810
162667083432957
162677957216134
162684574677319
162685716834772
162687133547412
162693905225850
162697337492473
162699388500010
162704482317607
162712485949633
162713681633569
162715482165286
162728931964996
162731998328923
162732745359320
162733213727515
162741934718082
162755960619800
162765750951851
162770325376332
162772925348145
162775029469835
162779008546526
162788387241304
162793730966312
162803968490001
162812693588826
162820336877490
162839609307304
162842915766244
162853049953744
162877209617917
162877642018820
162884314714194
162889912174877
162894493364202
162901892327205
162907212174269
162919106649762
162922327254198
162922806862433
162929294073653
162931705792330
162933874603902
162946977701760
162953908676848
162960756576985
162975218116172
162982282556974
162983453034845
162992591411803
162994336485408
162997040061924
162998653020781
163000517605419
163007961488641
163023686494867
163024827603081
163026228586544
163027208098635
163034718625538
163036484194379
163046655342030
163074567417818
163087184644771
163090179397934
163094131471483
163103957715121
163106519710436
163116766945625
163126462983519
163133823936491
163155288363566
163156993004453
163158157432307
163168869541589
163169954543986
163173018608846
163173421036629
163176035297745
163176066241172
163177397623728
163179676580683
163192961524325
163222983247785
163223239316549
163224840743555
163241057258650
163245124310845
163249182254305
163251878307216
163259300367195
163261433244211
163268706813054
163269770606330
163276283279667
163276549339703
163281019880102
163284594497926
163291550656837
163292923721793
163294538321609
163299553875731
163304052680961
163312258676171
163316247330583
163318155496470
163321733495836
163329424049054
163337908137899
163340377033664
163344370399442
163362216806900
163366536814162
163375267996530
163377554477641
163388088759114
163410964194266
163423342811148
163424418738476
163425504924461
163425735463388
163429088673589
163443139502165
163445201896286
163445887094999
163452177802924
163455609532977
163458018282869
163467292614407
163469986657740
163473875391688
163480810687361
163512819531791
163518059752883
163523453120040
163529519685244
163529796092857
163547228898759
163557661629995
163585020164524
163589825205664
163606562129951
163606748597339
163617944758085
163622177559148
163632001626124
163632079455068
163632251801224
163646517328644
163666598676975
163672609728574
163673216774892
163686091878629
163686472214787
163689150708065
163691826544484
163694233173302
163706544689061
163712142863990
163718484118246
163719394865501
163724229544923
163734441917815
163739493762815
163750543251860
163752795250255
163766334309942
163773090515982
163777211810244
163777666033828
163779563483070
163800339674963
163801360457193
163803224181895
163809988806065
163831238723938
163833476979828
163836080312880
163841352828596
163844794337593
163848182152779
163853038298801
163860713837059
163864175473964
163867381152889
163868269674469
163870108305892
163877299882057
163893730693439
163904059954746
163904422039119
163928505147643
163934861973953
163944648566363
163949194067099
163951579664621
163954211161044
163960399939343
163962432985525
163964025013555
163982378469145
163982519435628
163982766239296
163983263363184
163985275199607
163993908002337
163994563127447
163999083176803
164012386796459
164015237613258
164019595652896
164025540418386
164026865348463
164030612903144
164042470608144
164051648357347
164051913870040
164068660249603
164071206974278
164073051711316
164075452490552
164076313774548
164077899540456
164092589486779
164112506347986
164117088251330
164121319177391
164131323382067
164136705618831
164138307928633
164151671839774
164168697194385
164173849093881
164175576797325
164176292325819
164181035177680
164191798033824
164192535676156
164207104124129
164212161818386
164215278550273
164221365599459
164241504817194
164241975618802
164244443442866
164247911330969
164248633948055
164257733823652
164269963223710
164275106817668
164289728122475
164290188965999
164300719497061
164312666762566
164317241543781
164334882942224
164343997062024
164347197963196
164353922779662
164375854557883
164382803929971
164384621864558
164392913189980
164400559794518
164404922913131
164405840324761
164421489120470
164421884571255
164425946399852
164426087377881
164428548180686
164435497027941
164440852060620
164444317414345
164451570342901
164451651018235
164453010117934
164460759210393
164481978797885
164485109450735
164490140811380
164499465376710
164513959333067
164515155732392
164516370371368
164525204444167
164529543059497
164535550192781
164540810529798
164544691181864
164549532703805
164550758796470
164555795247716
164567538531234
164570639534042
164572586714377
164583537868801
164587149949440
164597175999736
164597604682778
164604129256590
164606738672681
164607329420559
164619467853818
164631618990165
164636730824678
164639722865376
164646643916849
164659234351917
164667884949114
164668942926115
164674427081972
164677926661227
164679550068940
164679736268728
164680787201625
164682506957573
164688264551895
164694775015191
164706956057007
164707980600805
164721929511599
164726692870155
164728756993921
164728924283631
164730939937829
164743128247175
164744482591494
164748499187051
164763181609778
164765154844305
164770072397775
164771307599530
164776282475232
164778090452062
164780666658378
164781765905539
164788102816871
164795222492310
164803753264703
164821026952948
164831516838818
164832940573242
164834063954805
164834438731305
164848509318825
164849479308794
164850581100839
164852747657331
164881293001135
164881526710626
164890628505970
164905824004637
164905921100403
164912913807038
164914655453240
164927036347697
164934522616672
164937192090561
164938583563625
164942842140557
164944803966647
164946508607246
164949765446160
164952319348998
164954877984735
164965589892942
164976411566810
164977517779033
164989321845336
164994151210918
165001504405599
165019849432732
165023620519712
165033049861658
165036257739239
165041466782118
165055613624291
165058016714765
165063810767267
165064832967272
165068552446951
165070694165396
165083338150005
165090600276770
165098308378396
165106797534849
165107613910532
165117502398990
165123647373267
165135184609346
165139813308283
165141256187188
165157004333959
165167222120790
165181591453588
165182401444050
165182829803395
165184109355470
165190048036675
165199858350576
165200437466623
165205079315608
165225744491288
165236521267349
165238901038077
165240559117912
165272578633943
165281929890228
165282972261318
165288610612536
165313208403761
165323340481299
165324046152994
165324436959799
165330396471582
165338812465776
165351249241664
165366433543663
165368088553873
165374072813667
165377370252907
165378017853852
165379267188354
165385985585814
165390434715293
165390647795648
165412514996462
165417385006163
165417717620244
165432014047005
165433123899062
165437161436803
165437681243366
165438219625550
165443671006696
165444006299792
165472763496304
165472825730249
165475087964501
165487061943523
165489365760367
165491751346723
165494216737752
165494899681096
165501007259391
165509447902074
165513433430497
165525954666512
165532727974850
165539601549680
165540417500995
165546987139653
165562924756631
165569179006340
165571412004724
165582100146725
165584649673438
165587886820761
165593575516757
165595560495230
165617369726285
165622985918423
165623483276469
165630489758328
165633556245682
165633963551341
165641327139038
165655325613425
165656740193805
165671069138558
165671600867593
165695107963614
165696154052012
165701823894028
165704925164999
165708871299163
165711158851759
165713900661873
165714410265531
165718790252073
165738509560891
165755784666593
165783922123993
165785343971347
165793158155575
165799530051793
165804564917638
165810626091239
165811800342847
165817166092161
165837404404571
165837785789285
165842690762413
165842819126311
165862579470090
165863165239651
165865820803951
165871863871269
165892218423965
165905393646209
165906046840642
165909544388439
165916684223778
165916822679314
165918828878328
165921450729865
165923790123769
165927442737674
165935722765572
165953103150034
165959322291459
165980775443834
165982814841803
165987805345885
165993511355843
166018845797060
166025252042302
166034734195759
166034767606806
166051904603365
166052373863854
166064929861503
166072980858266
166076508199976
166076649859083
166089793780395
166090529044979
166119914698321
166123065510863
166129726217638
166134076453853
166140257407082
166167316849895
166171256766597
166175554581898
166193059779510
166203272755503
166230237714259
166232598340189
166235001899262
166235037163057
166235935664743
166238636874678
166250153939285
166258212214088
166266341921482
166276033995898
166281440390530
166282138694321
166297579645051
166303189418655
166317268881077
166324137253662
166326411957996
166331084772755
166333555074886
166347339118508
166355561992171
166362081151792
166372765866575
166374755287570
166383021775265
166397481004065
166408385429973
166414517421850
166416525507606
166435077497184
166438197287637
166444651166024
166446169283136
166461845975286
166464941475454
166468309085070
166468959868462
166471855683683
166477269076937
166489566270617
166510995466692
166512073169068
166525803149983
166557078192288
166567371530882
166572384729016
166575954166545
166577625117905
166594884293392
166609386388166
166612931345360
166616179365715
166620534078883
166626542495953
166637817813371
166641466732287
166643252784955
166651904029170
166666124179061
166668615032714
166683448491578
166686807684673
166695985031413
166696197776984
166709840507591
166716639535631
166726888166242
166732191827032
166735689151130
166735953000869
166740991851909
166752200637644
166754207060378
166761878681206
166762014590532
166775201121596
166780108237643
166781843353430
166789693292169
166796918190222
166799057520219
166800687334942
166816881612534
166818844990678
166824642314016
166836628672893
166841007821955
166845387785275
166849842999415
166861546430840
166862109974593
166880460382216
166881447261704
166884031394220
166893110283431
166901820914436
166905982552074
166907248663705
166910024922791
166920733224952
166922633040509
166936850042385
166961414847219
166962876357009
166979356185641
166987939770769
166996803715147
167006518417598
167025518994771
167027258497330
167047177646771
167052423293254
167059449121147
167060841676563
167065142941336
167079429265573
167082029684597
167089962698434
167095267274519
167104382298619
167106196571352
167119353754858
167124613444125
167133317433751
167141805943072
167145456503102
167146262876355
167150914637650
167155627282635
167157051195069
167158675082182
167159003465232
167178481608235
167186199265064
167196683123410
167197343294088
167205979523906
167211585323946
167222231101478
167227543894147
167246568917393
167249431991741
167260049683379
167264588418899
167272321581584
167276612620610
167283343799654
167291549303760
167292678802279
167308122834652
167314130872084
167314233717151
167315618135075
167319874390015
167331760169174
167337955388484
167341231606514
167344448504908
167360991571377
167361780619640
167362403417254
167381805003263
167382827058295
167384230709677
167388293140626
167406575911556
167412535345233
167418217857206
167421738613168
167423469877420
167433463365957
167446604708311
167448274140828
167455200784899
167457656128569
167459265951183
167461762732409
167462778557484
167469171262134
167473535742491
167474395073936
167482582705895
167483880788635
167486063988731
167491311019574
167498966185686
167501306796405
167504996973313
167518979194487
167536414958045
167538360519710
167545845281839
167553741548035
167560496336927
167578954445131
167581095114375
167581725010959
167585455643171
167589166316000
167590225353819
167595201981919
167600114344360
167602977117450
167619267140004
167619860846519
167627381252280
167633566022951
167639895913239
167641911277122
167658853400745
167667047473690
167669950578083
167687417978386
167712826017140
167715911816464
167753604546068
167767410211864
167773939295650
167779715163834
167798847988866
167812914625024
167818081013571
167818984427123
167822106640419
167822914732579
167858198980228
167865612411213
167868746289773
167880090081363
167888839962252
167892612209819
167895704494509
167901741946600
167907851958583
167909713785896
167911513580744
167925720770272
167926775766776
167934208419976
167934442910661
167935458892856
167949899602076
167962899810154
167976064907737
167977472723687
167982413283926
167983273395978
167984440502860
167998147086500
167998661947837
168004484611652
168008513007062
168009704415665
168026147484447
168027507354615
168058093548075
168066915943585
168075850338180
168079132249817
168081058689350
168104471390488
168116265710894
168124542089144
168127577989742
168129013723922
168135647985435
168143999803332
168147586566084
168148184726566
168160895466545
168162438689852
168166804755018
168167231696893
168168946384201
168199741862244
168209186463680
168209861559782
168212641804039
168214460375285
168223689708808
168231421575774
168245367405342
168259777449903
168267235152835
168278698210380
168288655742834
168304651663959
168306580023600
168306938211971
168311397343863
168320989844989
168324153818702
168340101605316
168341098263916
168341317148370
168341940905464
168362151823965
168371105017062
168371606081149
168373551364100
168388322565766
168388921485126
168404861112132
168420834138118
168424240573139
168429973363504
168471648842174
168474918865345
168478905008066
168479251397519
168480927795749
168509739266719
168520172455305
168521945101756
168532193821205
168535127401580
168538709911387
168542218130829
168542788885867
168556328960857
168561515957145
168566071057600
168570524094349
168595435992063
168598299333915
168608010442172
168628209884435
168637166638763
168638488387103
168646315542453
168656008610975
168672257933661
168683727878733
168687487612634
168694383971360
168703392633757
168710800337748
168711723990060
168717051439262
168719364298176
168730739469425
168732944336998
168743153305729
168745575093612
168745734546091
168747010091387
168754126607261
168757655601160
168770805271134
168787155318042
168795773229318
168798354626690
168805504129850
168807815560036
168811455291416
168827553454893
168829316981173
168833091583987
168834669122844
168844151823864
168854358034410
168856788775368
168860675723706
168871564197406
168878197766663
168878805839705
168882445370241
168893905514810
168897747598131
168910213264241
168930938597716
168933619725504
168942718406965
168943202636736
168946666461604
168953069357556
168953639019074
168954754038832
168956426452009
168967061323561
168969488380973
168986063642233
169008828228338
169018634154736
169029551697465
169035995059231
169036268710554
169054014527817
169055721434428
169058369117604
169067184034680
169076120594879
169086080136246
169091749866560
169097934224201
169100030788049
169115184826695
169116191085782
169121041760968
169122309905238
169129121837198
169130004186348
169133724939578
169154195431272
169174028234887
169174945445886
169175629606730
169177797602684
169184198668312
169187159140414
169190860279445
169195460813599
169201674474057
169204411651775
169210664315768
169225895759334
169239113367262
169240870854217
169248462234442
169253781836415
169254468820953
169255299786525
169257995593685
169276663121156
169281670849650
169292109452653
169294058497045
169297591364412
169309906843463
169310074601260
169324265771905
169339370771236
169340482855666
169351472075831
169360884662234
169362165955934
169378137128871
169379165468281
169380037189495
169384569841836
169394957608420
169403834312214
169412489184491
169419039466743
169420451557514
169433598582571
169436463498730
169437090235965
169441710394886
169444704813805
169446246239856
169463227578257
169464344607891
169489110180644
169492840990729
169502424338006
169503345422928
169504730521660
169513659268042
169513711309570
169519398644016
169528199529142
169528811911211
169533191316472
169558712682836
169564025988189
169566627601394
169567574037290
169576215011795
169579738759224
169579939995119
169586125625240
169595575406307
169595853567356
169596511740008
169597340160558
169597520410090
169602587168737
169606579205617
169606686404234
169607201924720
169610071350765
169614865909752
169616854303587
169624373716479
169625178214351
169630291589450
169636584976670
169638683683887
169649826530102
169652940348012
169662606033645
169665406840217
169674201463023
169680945267353
169682399387040
169685038095197
169692599402701
169693348900061
169693770483578
169702593895334
169705825673660
169709307068483
169718287109131
169723252685953
169728994160924
169752568402673
169765122468750
169775927844340
169775960842526
169776114211374
169781150528815
169787124385001
169789680140371
169791339012794
169797090880849
169799012385736
169800344638646
169802912026429
169812151562556
169832999533520
169833235921947
169835472860669
169837442389542
169847084487280
169851358380250
169856152504007
169866825810194
169871184061901
169872016355843
169875283743580
169881162948318
169891532642091
169893033434975
169900041133942
169904614139603
169917854219301
169927029736052
169930748568655
169931301105401
169948169954940
169956148268554
169977544533712
169985077844215
170006306653030
170010030888518
170010157421585
170017187145045
170017954738340
170035129443305
170036413884904
170043240105983
170074613059093
170100973004166
170108733694147
170110186485579
170111530303930
170123172059242
170123303995640
170130084101996
170136606152779
170156209533774
170187238073702
170189850168772
170214710783380
170223012378660
170224346049254
170226654086054
170228774650876
170232802822417
170233367259183
170236423509714
170248963521873
170253665237623
170255462810542
170257666026189
170258038313700
170260555188977
170262029614134
170265919888774
170270157724683
170290804816384
170306323283396
170319586727248
170320415561027
170320544761595
170321847053076
170326359455079
170326381591705
170327153571589
170335723917180
170348520846691
170352405886028
170354439389865
170372893301693
170373483022740
170378917257127
170379534572999
170381217948717
170385613105369
170393739441324
170397156313395
170399089919641
170400017233523
170403114273809
170403795051165
170410301730829
170422770555924
170426898971481
170427042070432
170444154073362
170449739243516
170458945067319
170461772118349
170480982336753
170485986850306
170492496353564
170496023416967
170503019606554
170510988074412
170521704146312
170529815668464
170543159442057
170546574963863
170548576429820
170549535725318
170557228265266
170559748935509
170562999557111
170567178474464
170568736388114
170575240120619
170581234516498
170598948452603
170604414055561
170613014875829
170614192420513
170616206277723
170619541068084
170622988650245
170626814860620
170630869198346
170641059423531
170659608857040
170662148616184
170669313434797
170680182429141
170701978085779
170725921957721
170726069276230
170735421548255
170745843496532
170759159663162
170761996336827
170769439762158
170771892896487
170782703251176
170799630873243
170866795110821
170867763962230
170883703410286
170884117313520
170894245561696
170905166519862
170911235250447
170912144257291
170916254320558
170920810951202
170922018780960
170956242271578
170962859230862
170971163527771
170976236102313
170977868227696
170981340279200
170987058032916
170991604069267
170993986876030
171003022765020
171006527468541
171007151170167
171009221322119
171012310983397
171012777487077
171014041344370
171022319955022
171025032730192
171030324256072
171035684725972
171038874296634
171046907521548
171053698869554
171054081091480
171064945330589
171087430706578
171091877169024
171097556789421
171102383486709
171117855448660
171129437750514
171134277888008
171143621307825
171152585764478
171170339742463
171187546619345
171188642539520
171213372780785
171236489516105
171241054675008
171256423367769
171261564327145
171262348530668
171262397916034
171263685416016
171283299145200
171289568363913
171304052966457
171306878130928
171315027171865
171318341277642
171323831160547
171328610727198
171338372169247
171342603218294
171349723451668
171359615389785
171366025955035
171370984253157
171372405230034
171373908724319
171380744132368
171383809369522
171386162939828
171389571105269
171404896719930
171407231134677
171407769695515
171417146705040
171423939426253
171425211789378
171432809979466
171443595306287
171452395722576
171456939860981
171458384146409
171475084165913
171503629464843
171526801580438
171528842485657
171536008319843
171549130606620
171573834112803
171578626271786
171591467808640
171593027876902
171605200736217
171610164024702
171614493799936
171649849222978
171656061767283
171664335332642
171669115268298
171672804686211
171677841617184
171681308298847
171681788633363
171682862841605
171689765518669
171691157627541
171691217014964
171697656258616
171704607304843
171704844441377
171711016106418
171717528925367
171720328805243
171729898689926
171739378477155
171753186331073
171756349278151
171760287107261
171763101477341
171789388292817
171804482252158
171806598998926
171807071049921
171810989969311
171814077330887
171824951047108
171824955568283
171837007788642
171838852927664
171841327862749
171846810411267
171847830869264
171848989168698
171859403001224
171860483740056
171867990660646
171878136769737
171880958484814
171881273840995
171896946302147
171901198628146
171902599500409
171908618276426
171916308661766
171927091578012
171928766670050
171934869526291
171937538252082
171940775354622
171948215532467
171978059260755
171979951998853
171984537741737
171986501119570
171995193912824
171997664762126
172000712852499
172007947428884
172012564428984
172012949877583
172027193201551
172034482465455
172039235610081
172041007575059
172042758152079
172044048543776
172059854001090
172067726087403
172069969702499
172072008017872
172084339515290
172091853881694
172102062314239
172105163697314
172105356292826
172105634264177
172107986026181
172124102363634
172131491425116
172134200572127
172155292857131
172163774322752
172166769399447
172168484678378
172171724884986
172173747337258
172174139897237
172175198800490
172181155867235
172186596119411
172202451073884
172206929797398
172207153125205
172221323521011
172221982620847
172223260342077
172224549304486
172224897111813
172225892140227
172226601093818
172236737200708
172244941220586
172247380254948
172255529107124
172274171484103
172286849660983
172294753941038
172298034211556
172305625257264
172312251894838
172313101100340
172313866817890
172341558178591
172341928992113
172363746930670
172372007021918
172375656922481
172384197396144
172388799236522
172388920757379
172407700607335
172412758402144
172415744403383
172418367550136
172422647906174
172439523765830
172446056365229
172449404864473
172453526135880
172454596961724
172461817986029
172497698630892
172502174127467
172515154990264
172517993048354
172519916875099
172522297081108
172531954372173
172536317100127
172540010402958
172540938308317
172541035928820
172555893667311
172563190131522
172563589790307
172568708981698
172589271078132
172591467517817
172592804247392
172615462248211
172615973750300
172626350230780
172627946512406
172629599802884
172632119491033
172634042011728
172635515477790
172640946162635
172641119814570
172657143163570
172673320317656
172683058261139
172693427876731
172693776822560
172709312246471
172720347245936
172721899109614
172743850300779
172749961909197
172759692730737
172761023007532
172766126024214
172778520391744
172795684067721
172796839218955
172805656726097
172806178173577
172813169529850
172833553966308
172853268586842
172862561035474
172867344722309
172878892350785
172879214337608
172882527461134
172883252991502
172884270022871
172889536365053
172893634507105
172896693816102
172900307481555
172939016070607
172946081861449
172955446156320
172956546809894
172960131127609
172970510421532
172988835556476
172989272421578
173000541287456
173007381696369
173008703534702
173009735858865
173011926840136
173014311365596
173016504233371
173027076514180
173027242195860
173045163540513
173046387121633
173065089399706
173080960540792
173083478342001
173084942764992
173098463439281
173100607579738
173101690205180
173111702815674
173128338926180
173139005456764
173172854662008
173187997046788
173197525024911
173198836826910
173200290478184
173231254350865
173242573550149
173252438763478
173270319229588
173271059528965
173278787232546
173281582680927
173282445606625
173302479020880
173311492193120
173313393962008
173320265092446
173327870694917
173332655798420
173342582732828
173350436768773
173352746066720
173371600586156
173378161506090
173381459515044
173387426282621
173387987749918
173397026072607
173400464043145
173419203070075
173424739279034
173434543006572
173455055281922
173461872606188
173464548040647
173483293832075
173484629445309
173488827083073
173491771524963
173493720010804
173495669412348
173498275100695
173513744082139
173522681892765
173526059326428
173548797188243
173556322337969
173558451654715
173574648566693
173583196776209
173585928930223
173599911028146
173604062886490
173641202587713
173649568895292
173652100115162
173656753506497
173664750372803
173667031607267
173681826642227
173682557687521
173689914543782
173697139743478
173703189887479
173717920523398
173730223466067
173765056135276
173765780482581
173790631105917
173790802726758
173791069657032
173791518746289
173792054360074
173799676617772
173809107031036
173812793837292
173822177086713
173825146834687
173843813401535
173843976471391
173872081210402
173879448895037
173890687184810
173911891568467
173913414117657
173914418434202
173914754732134
173918758322486
173920975604119
173922184795687
173940828411352
173943933701217
173967108920324
173972611629174
173980414348205
173981684422713
173994348422549
174034188028087
174049349925368
174050160809064
174050959636300
174051493095142
174055996980026
174060230083093
174073642419525
174081463244992
174084649622916
174087454403855
174094865992862
174097480621873
174105645526321
174111266239356
174115099214566
174116777085929
174120554000378
174125512242731
174129341466890
174137504037883
174145801570598
174161224694360
174164874092581
174166465440022
174175105900317
174176868187164
174195985763670
174209343223142
174211076843046
174218783135776
174223518809911
174230604739154
174232775604205
174236145346716
174242217203038
174249935942899
174262406609536
174265303463643
174265983459676
174273523222595
174283925869954
174284599447456
174285473446426
174304847225937
174322388658920
174323760473925
174326750606168
174338577835050
174344648586773
174362523035949
174364723493956
174368652940158
174376336058355
174395388632494
174414528311548
174420286922083
174428061275830
174432855332710
174457426913703
174466381256770
174466675972128
174474097149749
174479801865632
174484303015081
174493726640963
174498220412127
174500279066747
174504917901209
174519162017801
174523631755084
174538326624555
174548361404945
174557070060603
174559932811044
174562128022475
174569427188311
174574712687061
174577451426819
174577475159726
174579029568132
174581892474783
174627511152740
174629983196273
174633369002637
174634145525645
174641031189907
174652580526817
174680526270212
174686029883451
174688051420465
174688981067822
174695927101756
174698878106821
174701225951228
174701763116384
174714102673506
174719961126198
174722387245773
174726052875657
174733156542692
174735116180944
174746269196526
174758054341274
174760933557128
174771897024475
174775964914039
174777101523522
174786916224367
174797436541201
174800173182327
174808498343540
174813099067583
174818334912783
174821018686188
174836138655265
174843373209150
174859278654238
174864130111636
174864296831045
174872299268845
174876636734659
174877805616584
174894363184328
174913913395781
174929655949572
174933279405668
174942276145592
174944339812096
174949237986929
174957214626351
174960289094482
174980544809891
174994654869775
175009427780155
175014016370276
175016926295659
175018595080232
175018723131439
175024195990460
175037542844884
175037950452016
175045167893417
175046665492857
175055355830443
175073563563342
175074857582471
175080291605457
175083593654742
175085934119840
175086268865889
175101565043888
175102396344564
175103201121223
175118856871303
175123758707710
175127618149911
175129655092451
175148397813541
175174961015033
175177247105034
175186905289011
175196048811942
175204447749059
175210754230467
175213021555337
175213838745799
175240867702712
175257021804197
175269640024391
175276442948538
175278734464054
175288039605587
175300313557356
175300365275852
175302550183951
175309287424607
175309292693473
175311557752456
175321054072379
175326049198117
175339033153046
175347039430277
175348955555019
175354504936415
175360001404737
175360183608380
175360361803621
175371307912158
175372934299937
175373084576657
175376984809300
175378630665059
175380738448457
175386031213935
175401494959674
175402811975022
175408856449088
175419838078155
175420229297628
175429331618357
175441956380379
175442187398863
175458912122132
175466955761861
175468087582483
175468785004715
175470019882812
175487446504190
175502268933861
175502790671418
175521076423236
175521299058911
175523151810693
175535791229372
175552099381595
175557494869098
175560279333527
175567393471563
175567702754620
175576035628811
175583159066528
175587377032025
175587825574255
175615620571910
175615993227742
175645718248690
175653354136161
175673979203084
175691237306846
175700587781970
175703024918837
175711386147395
175713236800712
175716640791605
175720216480541
175720685182675
175738593556263
175747590431046
175762191921402
175764643336031
175771211970149
175774914940500
175785560729040
175787830331571
175790391702184
175790757526279
175792004024629
175794639171898
175797069823376
175798232197395
175801109593399
175807038641506
175812458676852
175813087446349
175813378109491
175823458066033
175839412037099
175842840463789
175861717934279
175874987941913
175879029151957
175880148614889
175897593521637
175919368002094
