175251526831591
175794342938615
163349106430859
163440119230309
173016504233371
160065819905794
169739327474406
160571121712741
160301234606898
167922170588551
160255657980611
165172762783784
166501592525998
171385637997986
167759268471460
168223689708808
169693770483578
163409508065186
166301493496522
175411678130435
175731840185412
158333819220187
169701311664270
169822792641289
165323340481299
175680055625057
171990312159319
171274980559589
162521124387347
160741310247813
173673894175420
168588657816438
172661368966068
158609585608772
168509422370160
174930054928022
165181410891388
171859403001224
163793413946640
171687434140375
164897629585116
168132811334303
160219103903050
163455609532977
162828247978358
175123758707710
168008513007062
173486318725954
175311306729430
169086646080008
169858613597270
172606635174999
171696674480090
165149373960849
165824489715959
175798232197395
171997664762126
162997070615228
167583490345358
164121319177391
173373923971567
166562778542255
167658853400745
159193554106108
158779612491739
172685924650646
159381886923030
173022096335951
161806185280299
161612928345657
172399572775501
165888861575156
158959708682616
162615748955395
164490140811380
160691610608221
162241091072099
158511224135503
158482876421944
163893730693439
160921140434585
175558866382382
172858462324521
159999240287500
169034144194023
165087567323467
160926833093097
164953324022652
175612853366088
163140347282348
171986374497357
164823305362640
167605488175807
163280980073294
164459278689721
166332021485419
173854515206925
173055237949778
168427745198431
171009221322119
160413830139014
158379209233853
164692209648247
167491311019574
162837971588994
166846906193033
169538920590351
172091853881694
169851358380250
160305564426631
164076753229600
167259840867918
162846775889468
167291246484132
171950778956457
169045373397082
172054976925252
164490183520821
171069719561372
163340377033664
158840627770125
162170431552867
161577413011483
168088016667332
163458018282869
164695025033674
163627904991374
162372156445118
161027266337512
158854056370708
160842669187119
167345478172663
161085853709933
166415902743747
175803362774876
169446246239856
160441184096620
173143681631813
161531734109426
161323049641970
164270291640726
160948898225950
170692607238379
174493949187509
174923908948990
173940828411352
161075588167982
168637279441412
169037989861421
172357288598437
173622399351265
175893971036921
165183647462582
161450118222775
160495604284557
160252581792501
172224897111813
167423469877420
160356372321032
163719394865501
166872518738921
170229047966287
167607345638686
158945684778918
174105645526321
161150849695028
174282893343945
174149673202894
158702278646967
163206045857396
165908922238544
161909893079625
171004191736765
172032224484342
174249935942899
158849286415310
167079429265573
166626542495953
160651925823367
165535613776707
169175629606730
173000455376378
166414517421850
159589967068173
165783922123993
172025344055035
163495250491982
165839819951816
170224346049254
167164762143012
168456343734603
173628211790014
173098463439281
167777405174007
161618575504646
166612931345360
164866068400683
166512507310715
173918528163306
160613695035186
160922582933254
170525094550990
168445351968747
169513711309570
172993987891006
171335996752920
172710464785760
164015237613258
168008385971298
164171962261106
173914418434202
169947584084586
161550764178804
172500204119161
168080663003971
159269215950796
160519839578980
168510810415899
175227620556727
159984240935198
162803554876413
160583449069082
172535878984194
175291158949295
166129726217638
164645865998377
159236039708868
162529684920906
170628392901512
168629088984758
174420286922083
172000712852499
161273510281215
170798064442565
159149573124306
174323760473925
159063255365060
158532583785891
173980414348205
158996487348628
171861548649396
171523637472532
165734518026133
171435372734048
160255447456417
167151735121155
175813087446349
160265853798499
171321830196438
167926775766776
159296369888621
159173525011517
164374782683254
164144973100300
165379267188354
164555795247716
161216351889536
175430372739220
168500627602875
159610201908774
171087430706578
169723252685953
173879448895037
160279777916131
174033686718371
175016764174560
171222740602727
164444317414345
162010735024686
167920347664523
158355023347501
166844427496106
160000627675193
160167623658322
166735953000869
167276612620610
175321688635434
162143908884470
172429687978023
169585473123479
170252158015296
175887409313016
158362759300342
173346749471208
166917783313803
160679124380083
164141346976337
165642184449237
175711386147395
172247380254948
160978137766046
162061991751919
165979680639769
172431048205304
162793730966312
170463723640710
161323957097008
175101565043888
167644582939037
163296880896758
168930125269473
158511480349750
165738509560891
163625334679462
159017088381450
166137750679095
158690108600528
162826502547684
173664750372803
161824289888973
161273878873703
165881094063757
159227596421038
162512931330387
168751525965065
164544691181864
174721519787959
167542976358556
160392166909566
175034545702247
175351015716142
162514223072672
167242238751959
164490446589224
166794908887972
159906633194171
162501914258384
173621034145024
173045593652967
172550853175024
172082675887339
167436527307504
174382510469599
164813050726628
158878995126354
166920845033896
169324265771905
171750461879569
161030721667161
166593341873800
169088768129372
174429850811687
175466955761861
170237004802361
166401007933500
168286265534975
172456509782102
160196825222185
168789589296443
158846657407395
166964145862807
171000505622430
168724321379867
172537739974685
171589870790394
171614493799936
162365679158620
168194545244106
171995193912824
170584489748281
173752577073623
163003372753503
175842840463789
170915396284819
166260562837873
170715336270676
167818081013571
171288240453542
171651327655848
174502152391916
161714694166997
166781843353430
159718088435614
172835562498023
172288296803781
160944895483203
161259029162013
159439075544046
161155248278470
169471807535455
173674318013645
166913589828711
166633839507263
175427967450420
158991107131996
168646315542453
173556322337969
163936771635151
160784374699427
161791314190927
169606686404234
161111538414000
160254883332721
174283925869954
170516107556187
174460605745737
173568842111819
170134214716961
172207153125205
162713002217547
161005168419392
164412183956971
161786721627080
168897027448325
175288039605587
168859174496008
160221792901094
163979231965396
168608366140783
165253064479602
171460855944926
167498928979027
173045163540513
158622757449003
161010481177561
175755786625035
169198814581654
168861163224786
172993075379502
162483054871721
167133317433751
160246604822040
173150423794705
173092046120275
168703392633757
167766038609494
171181365967415
173695943288950
170564522050379
171942901355832
170373483022740
172646628138436
168775379237388
167157565510093
164175576797325
168665391614766
171177397875566
170648253991518
167929299774604
172388799236522
165366433543663
160018337714449
172072008017872
167760260653465
170769496146876
166982211322783
165618537369201
172563190131522
175101487349375
169778253128111
168687074502301
167335646257727
162679939493041
171671212613100
165279228043917
173484629445309
163843312566946
171928889809525
159578436529872
164321398593189
168340208468976
173813000811205
165398780796022
161778264329647
164567538531234
169899145344486
163833371712856
165176543795191
165381439594097
170372893301693
170879778496396
162125982538278
172454596961724
166691219061063
160773399310123
168988476812367
170832127732427
161867652527365
174164727421674
175859296760376
164852798270214
169527048664330
170194121092137
158669842380491
161417334004697
161525388044263
170270157724683
160377664546937
171262348530668
165330396471582
160668644060690
165314106347766
175088089312104
162429047761720
159573153989835
174327076979314
174456904372173
159862760984851
170100973004166
160966961207342
173678951154955
172422647906174
164791930924608
174804399777260
164608434997291
161480363496859
165593575516757
172296637012398
171880958484814
172224242611117
159155383308108
166992783982712
163291550656837
173402702745929
158661259030154
175441956380379
173076842394924
166140053524803
162243734848043
174613465034176
167628196946922
159256403928763
167518979194487
162853085518944
166598931118503
166604836199429
170108761713514
164748499187051
163143852834110
169253042809440
166644580159487
175536169980277
165540211889006
169893033434975
158549257851195
163404201267529
168962064579951
165361560530360
167202652748469
159567956109647
165831450418443
169610071350765
164293749775205
168848222492815
159542872692306
168413337017902
159146520334548
159456243194118
162364312344765
161622344760706
163019196094638
171791291758667
170070003806521
161806646034886
172896693816102
166374533232344
165632453471089
163184908719805
173987962237417
159640147499278
171428207636554
166290522583678
168985792871124
161355117851958
164881526710626
170485986850306
174050668459266
166697390782120
175372727571778
159841421573187
159023757772981
174245611224771
159988692587866
166577625117905
160541211542084
158478248549336
171309305154255
174340249165426
164435497027941
172210406749330
163186789937141
165855334088016
159574566348723
164242949404429
175339033153046
173412937947889
167413175935872
172355259280455
172199534640546
166910024922791
169799012385736
166316508365566
172924136374388
163366536814162
174344648586773
172920005849083
174816881552125
158476624092918
169719163318039
159750307814922
163088545530618
162998155528237
171908487590338
160194826077814
169956200187633
168071431348942
170128834556003
161644930045863
158932929967108
169759085853566
163368429596556
162095850937709
172473685213032
159321570317213
175360361803621
159819941651496
163954124848222
167325429709938
159349589078507
167565054150247
165567693886411
158776232323279
162867861967802
158417522137607
165532727974850
159027233173734
165123647373267
172012564428984
161677514445872
165747019592909
168985770389082
166652018885565
168710835836007
173307122064047
165712799863482
161947818893125
169239113367262
174131576307444
167584961723505
159677247806383
164742709766596
167063273868607
160253600431301
165534430774045
174028061093674
159814613555172
161988259170806
173212698029792
159046445323451
172545221264966
162960756576985
162775029469835
175211964672255
162975218116172
173387987749918
161595201528139
173898781493972
174560243444747
163015204794334
173574648566693
172007183686964
166790650455978
175801109593399
161648445075452
165136738125566
170443513794382
161150377788142
168024474635889
174124627561059
171788029080913
175482632465718
165152874053443
165059523412054
174084649622916
169685038095197
175069006285470
158669848085022
160096954605739
159742563757647
174484303015081
175760730735268
172990293605417
173493216368402
175552099381595
168297657673836
162026886737514
160840180130822
171283368623492
173065089399706
168990605894117
174949237986929
168613492197928
160985082761964
175595895168261
164652323749586
164407777056421
169244350675001
158587907264665
158775890856860
166738573267589
159768080669389
161777284404852
174987069852022
167433463365957
161649247005816
162497716319181
172422496635985
158513924385282
161217565401200
173313393962008
159102332289312
173060873242085
159130320586739
171399481529287
174067712143746
161112843429142
160185127918812
174882792615458
158380130531147
163330775022476
162867429042563
174437019358534
163188015974308
174259834511439
166893014158475
171130561946487
173198836826910
174328622703151
175665528301514
168605322337115
171723640867785
168628209884435
175170632344946
167822126744909
162023777061025
160319694044090
161444775335211
160256368764398
159559836628300
168520172455305
159133758758400
169686469264030
165059458978912
174107624130218
172107986026181
171698908271476
175531703815775
169706649919284
160166680225307
175307324091425
162401428603321
158918949811830
173735832390938
163960187339379
163529519685244
165417717620244
174792542073028
168464607498259
163779563483070
162893680247782
161333090550860
159760823030127
169977544533712
160069402415440
174612570059975
169086105409811
168341940905464
162329201223915
172629599802884
159987447942789
168872850693040
165181751062804
161181401148576
170293199545456
169006216433775
171958132296536
168761679073483
173812793837292
166726888166242
174456239501382
170704620957902
175749208390558
163299553875731
160680764777428
159724869267610
166256960491252
173448422460436
170378917257127
166438832755175
166892287277070
175615993227742
162095519205549
160958163001695
162576777711176
164079800270983
166090529044979
160123898132320
164669444168643
169842912624901
174423507369673
174877805616584
166062736949210
162190652695796
172050687181072
169276663121156
160414939499632
161440096849416
174999171201470
165377370252907
165470380097586
163448869635824
162722552477582
171867990660646
173416621705789
170993986876030
171736787513311
169847084487280
165224443807200
162827650833868
169174945445886
161501909682216
171793740940310
171681308298847
164009538178292
174053825177208
167141805943072
173744528153624
160774469868003
163814425946802
158377557137776
165291595631501
169292109452653
160583420346708
160375691625025
164425946399852
163776499831074
170276904844518
167899171355107
166245776364416
174775964914039
173014801579103
173787836896677
172467553131948
168829316981173
168009409879246
174370103242395
165119579103951
171671792232040
169035995059231
174124059518516
163781506990644
171034913248147
173473969456399
170354439389865
161504458349497
174700192209136
166818844990678
173659806541587
165790181999617
172971975582020
164919200172815
173067939848421
162914171034506
169132067819373
164672743952235
170458945067319
164598303645451
175772497193029
161010656392703
160117241745265
162662011494245
174920142159640
172615973750300
167570857814606
161047050269575
160448031929650
166454136110322
165206152284653
167322651586272
158628684788707
159668246869310
161537696099133
161869285891877
169133893958808
168949331726043
161799591238908
164783082005482
163739493762815
175770226072711
166406166027653
167047177646771
170872814221953
170954701894934
162467943900055
159291847473124
170586119116959
169592086666616
161853749966165
174903064193624
166841007821955
171147751398147
161110450530557
167732055469372
163657435529492
173985945734956
158823408021527
160602297537899
175657190437788
160047853417531
168209186463680
166617453069040
168977632499235
174334195449328
175087840354102
174830553372998
174284582993123
174250034724784
160996596343604
170665036851711
159171678767593
168882445370241
174859196751041
158884064709374
171561652635351
160269617060081
171244596964063
160768262626162
163173421036629
161850245553068
170641059423531
162203294704828
164343997062024
173302479020880
168028850458240
164029765349866
168043293701273
165089038366637
174698760057870
172398585002629
163547228898759
172095837881431
158417629403030
161856958525178
163786365123099
158732209458187
167337955388484
163906934459843
166920928198603
158464849262175
160274442184175
160140790947823
174577475159726
171365288234408
169364942203615
161817336408937
168502662892891
175876981805995
168440140581859
166068807845809
163637816408603
166852789651134
159262792134812
170172453330269
164973157049521
175376508437598
175620603585549
171305704236333
161504728662500
174698878106821
173651159784832
165464436727900
171515284549209
159113107257623
159230191660240
163699060842056
166324137253662
158687469467736
158729184095429
159763070150130
169576215011795
172908487969621
158652035981502
164144713436653
173774564243603
175489244390153
161923353673794
165590923178851
169099259857155
167082029684597
163261433244211
158941893051379
172187653683496
163410964194266
168160895466545
165000560938880
162536197382428
174710456423037
158926689906543
171386162939828
169259102821846
174460390600593
159578440939531
170718250560465
166446169283136
161128819089933
174483871284284
174857648492894
169046721836877
175879494863291
163018983148946
173368933668902
163505805135031
174265303463643
159857678709447
161029788336535
158609868558245
169111471732114
173043452782645
173895429433488
161928019556597
159843916702073
168201903931371
166199937496260
160755050074549
170326359455079
173202844492274
165798497716694
175869540244369
163035763720686
171020699516623
162765719673476
164318208731772
170232802822417
166225590965357
164298387895634
161473340248115
162569322598361
171362889162930
170782703251176
165946712298934
165953103150034
171322888128812
168872831503569
161759207692118
166253275538666
173994434735231
172363746930670
172084883400557
163850717446528
168878197766663
170398707976222
161366787068287
164384621864558
171091877169024
159451345566666
161321600009368
162951858417416
164802924364937
158473504558965
172382777859479
174081463244992
169917854219301
162060505159015
161334201485612
163218098792804
164352159655420
169416581622412
170618677741026
160063504791914
173324313815558
171918778071580
160381956903433
166600103751162
159607206106146
162929291907660
162346223531387
163745448619137
163756879829139
166841897013976
166375522489871
170680182429141
159516334004943
163706875025322
173351040700091
166025252042302
165865820803951
166184230016183
170050894602515
169447867068499
163325986435342
169666963381019
167483880788635
166974664382415
166996803715147
165669323584896
161795040414154
171877624899876
174733156542692
161286554014295
174655962425411
158382649336690
175408856449088
159366182099921
174088890004392
165381727120377
161235931593563
170038926562176
173545852076965
172298034211556
161963300310243
169674201463023
158941220254870
170748232989917
173644356246894
160105560015180
175760215147655
159470904239774
167912008906787
161924547828797
163848890961070
172513845811260
162395302851750
168144543811789
170020905933651
174647611880138
160718203748725
167992758764864
160691626192119
173400088306502
169378137128871
168541527707999
173051202421820
158526207536288
158719114520091
159327955999993
171512955157779
174094865992862
169324665107344
169799987656225
158591332866627
160368906427705
166447103986978
166014273259481
169584981715086
168910213264241
163165809461446
171084668937031
172659492314312
161198963926033
169421011093923
163846182428413
159830668171897
174036204698360
174772432794363
174017847916284
168228635861404
173311492193120
169597520410090
175425263360222
164886653202402
166968561358354
164529543059497
158707407572338
173585928930223
172632119491033
170884866386899
164905824004637
159543519311804
161887550154674
173439522481418
159900370348734
165474939362642
158973773822315
159315827201097
174763658856944
164785874931459
165297525918493
169701444738420
170583562490296
172996245113318
169121041760968
159051926833648
174494225182832
173456425343891
163445651465465
165086349056446
161251409851586
171789388292817
169417410745589
166034734195759
159063561958175
175624213824346
169991866903541
174546948643907
175300313557356
172721677210462
163938292621869
170350450768804
159785500458766
173671633246602
172540458710819
172604319480757
167911513580744
171044221895024
168202577777076
173792054360074
166836211465484
169807710693144
174670311798779
160549068647401
161898233507766
173791069657032
170127739584773
160010962417212
163978959173833
172778377125471
168535127401580
164692481446067
171190284856928
173220265308707
171940600463434
159725005958852
169135211365290
169740863140026
165426509685846
166160793783469
165162861167731
164962728705075
169426943055541
170717405897968
165811800342847
161236152442871
175211054125297
174051324533554
168828982324096
160721877683637
170845811889128
175152793506060
159003611031293
161571105838388
158478156900540
169190860279445
174719961126198
166472480814008
166667010803524
173337046400735
161048054295409
166713422079580
168694383971360
161385174179914
167304140609778
171342603218294
159707020225206
169308686990592
163308539776621
169534972491184
158339518275648
163167094372434
174962006193193
175216583603212
164084489439899
165285828392055
164688264551895
169855010401812
167360991571377
161028008154777
171025032730192
171579210913686
171441014456205
175448187521848
175218193157452
172410940958867
161710906502543
161036272242601
165385985585814
159597578575843
162466123621397
168214460375285
159851120423642
165796607713111
167833006935550
172315384835056
167920037555092
163816333855110
164135886140558
169346858358005
162613597011316
158515659635539
159558237534238
168372032509673
171003022765020
171860483740056
165980775443834
163933658955603
166417429032926
168836265548724
170032061583132
169838538086904
161194426406854
161093283684212
169409481683375
170257366935269
162934873215836
161667488473170
160360285993889
175380738448457
171363314888023
163205180833457
170148069847007
162326046615957
164734615313062
166076508199976
171503629464843
165269862610711
161551913659514
173905998677954
165334775698632
168222227919738
161657249118807
173720516454817
165817166092161
158425796171425
174160688399223
166134076453853
159609930132888
164712082783808
161858882441366
162526711477575
159070354801965
162118022442735
164421489120470
166620534078883
159764894492273
172720820625824
164325354328127
173722294526296
164565663463927
165285916925851
175318756194515
165603691329515
169100030788049
164371200999181
164996912846537
171528842485657
162772925348145
162368926698416
160879382025402
163648695773580
162516587794997
166466851036302
166438081772442
175141227446914
169037851048764
169514328156953
162595594019942
161990698997865
165949708748789
163767732603080
174104130668375
175809942996432
171383809369522
164353927524014
166453703051546
170924859059585
170137693935081
175112489998046
171007374799036
172989272421578
165655325613425
159061946554909
162704482317607
168057448145427
161069951066927
166142280384112
164803753264703
172174139897237
171849221058926
170802050864312
162723838247059
173084942764992
169535628766511
160858135456193
171421971303818
173946332057964
167646632718674
165712549521297
168634971226220
174362523035949
164286977248430
160093283361132
161609121604380
174044410347591
175219761151654
167023615696300
173650491141237
175707039829263
173806012971107
163329974465367
170808625827470
162844526123786
163712142863990
173337107295242
159301574689586
171983984389693
162486425317312
167923509584153
161345376067901
163265694857383
162357758836689
171372405230034
158508394048447
172514344609500
165758979204619
162578838162780
172224549304486
173495324218186
163815012463644
172683058261139
173139397960255
169571912530392
172306373962761
167454417853840
167899184963300
170291156730839
170055536852867
169805478230806
169288309710168
173271059528965
161415939004706
165095812278173
173420787708201
169118663363888
160516508516135
173936169070525
162733213727515
168524423474952
173390383248836
172519916875099
165453468806722
175055231741758
172204181646615
174191935645776
173187997046788
173294414338977
166957769266496
158904908839784
171565639079663
163284594497926
170403114273809
172049415409023
165905393646209
168764350690397
168795825215911
164173849093881
166915308121529
160995385309981
168222667978133
171848089896330
175240867702712
160837379067267
159704058168416
169171298637208
162319428306579
160126901905379
173694721661798
165376513054034
161458406947750
174797436541201
170136669648230
158415182453418
160538973910904
172900307481555
165406746483891
174230065307335
171885452847908
164478488070687
167158675082182
172078845123091
166683448491578
162044808718970
164359463666072
166238496432567
159535491445090
175018723131439
159719174409559
168388921485126
171100312966474
166264402376751
175208088396008
168656008610975
166809599593554
164451651018235
162243945583886
174090642557018
173521841918841
164597175999736
161041380517009
165267447408908
158582564008931
173627035183441
160299063887131
166889042404294
164721929511599
170042333276332
166858863003316
173665991111258
168640831453245
162729008342005
167236540723134
159940182259241
172101860062313
161808865358978
170079035822041
162562400352546
165635196531261
167168352667602
163622815448683
159277366867248
168901199110155
171149187924840
173595634590216
167222154735305
175313619064029
164983048228121
173877103886203
166798483114500
164820000131984
173063052423355
159473350072690
165508345473270
172249675197920
163726928376897
170926513891279
160080661089209
160006591953323
173621594128173
173420885027204
159895776668889
160232684645392
169712429538007
173618927434126
174850229324880
174467411716817
160896545087028
167779715163834
168127577989742
163276855943688
168415638434862
172699632930908
160040703869499
164608872142080
164771225796739
172278864113073
164890628505970
170448762711901
162223937744045
172781658210808
174326750606168
159015360833907
170058132237565
173541870019185
169616854303587
173268968412447
175746453631151
169514987770235
160423294030593
171885748254929
175373037435348
165646444041789
159684648388893
174345902787525
169236839076802
170534785933910
174855684735886
174776627898133
160938863367669
174946602973232
158845018182178
161439595249436
168456233209057
174911647287221
163425735463388
170317805965919
172751632111451
168532144972220
170897318233349
171932461524762
170393739441324
171113685897411
167595201981919
158572050724995
171614929213876
159788940707068
164767330565625
168371105017062
172827468579712
162615588051265
175554489924352
168167231696893
167040702168671
165272578633943
167388792017195
173454333446534
169401529055395
158513805208669
158713354659831
164290188965999
174074555109392
161985331373379
159847762659494
168247510887320
171102383486709
170257666026189
158694326789160
167927669234253
164485001124198
175335828579284
165633963551341
170010157421585
172834427127966
169638683683887
162059447092238
162155814411500
172463408127567
171948215532467
174751314443647
171827894596035
172652888762307
162896523719622
162922327254198
173555632920445
175682633148552
163017227827889
166410508226767
160191003015692
170258806531716
159549052908819
164428548180686
168249902200834
165139970896956
163044408143717
172635733748089
172128812809391
165455990180123
172057008051556
158825442831576
175450816953789
169630291589450
162510226536977
175823702603564
175813465560682
166471741050435
161558649281543
173164091764878
169564025988189
164360502230090
167639895913239
168840771767000
164384748777067
173194324290993
169814809761550
158799444715051
174269546981052
160170550161069
163165781409038
170304554924152
162062506234316
169430934478178
168983007748497
168259777449903
159511829160586
163411291037091
160539834257349
160659143118936
163062586741710
161330403529142
161964831823465
161650543000876
163800808500219
164733607982377
160362113204786
161864765408091
174706101654085
165445153547744
163264895930002
168897747598131
175119820911393
168532193821205
175450490601985
161894265593516
161418301416153
172466852852090
159150503831524
169830276175647
175892337594126
175373084576657
168046773355002
174613415671554
171791395563814
161229155539342
171442043811450
162400895356596
171793255236854
170633561109385
168480927795749
161173541285931
170789748892602
162787056372946
175311617229246
175593768999433
163700827772418
173816212696494
169538302961983
173000541287456
159067097036202
158381362673562
162585257892982
164821026952948
158682005874234
166759857981169
174414596260907
165275508619624
161216756605780
175276442948538
163961814809592
169595853567356
164573565244064
169910631833308
173663531938290
164013393501416
162072275434751
175664497495475
161165619803038
170448743120508
159192594553211
166719118400083
175484092301030
159184867340427
173440180520097
169061285629773
175813378109491
165884091116885
165117035705942
168856788775368
168324153818702
159314546275476
175207421605400
165862579470090
174929655949572
168952668582165
173978668203317
162409750717105
162136102146715
175360183608380
168956426452009
158336635610185
161582573908106
160863008335233
160055494953135
174876636734659
167799040651787
162889912174877
162946977701760
160496467008696
164149103112785
161129620997568
163758160274346
162296077538365
173295049739167
161344053928259
171014041344370
162697337492473
159668958981605
158503616245155
167119731701474
173809755916058
160915273810430
164810870953172
167817615648925
162359607324455
173811500152551
165948173250052
159267534372826
170656607339253
175789861368497
175518487747904
165681935186021
162423753053834
173008703534702
162713681633569
167558342517615
173724216946914
165487061943523
174257892756607
171520339296515
158891939419069
165438219625550
163233734627680
160304079786841
175673950726192
171529572246399
175497091906655
166541957888064
162331177104741
167222231101478
165478476527882
166154766076870
174155536723710
163733884446587
164157745158618
164221365599459
169187117055149
161831604035739
173340715681186
171428446949890
175155849790197
168665660688829
160979291901009
171955721638460
166203067846722
166282138694321
170275998896860
167513343801534
161224660964072
161643666534861
172040528848163
168245367405342
161446328113914
174049349925368
175016926295659
169034177906087
167688921907613
166538782059361
164989321845336
168267235152835
170942439865134
165898242535601
171064945330589
159936823691011
171989295005169
161956045461851
174319992523660
169123807672594
166435077497184
174629177057736
163989668882661
170105280106545
167212582964533
175307627826527
166586538626162
159241077264825
161704192101986
159893919607980
167487766263445
163718105523578
161007056457825
159931916563612
161750642369730
166403737028487
169586747406535
159487639735033
175210754230467
163313659425963
160800110354617
158619332003289
168824848147948
172751680001158
160583956853485
168973472726252
174872299268845
162888381275647
172481602755361
173643700697695
162806005364695
159135660259463
159456622492458
162525037635634
164375854557883
158623699821704
173001820381620
161428556052449
172255529107124
174251678191709
172155292857131
172746988845206
166268775396784
166677273109249
158407655841004
168795773229318
165351249241664
167611058387454
163030628978536
173247320923157
158407318136744
161988692765705
175383129872698
159162836947956
175696515660939
160201957217277
158823303625357
159564762297346
167481489062875
169553818783211
163357277039004
163718484118246
170727301407947
170492496353564
164329469504351
160382115842381
171934869526291
171204853182376
164766195239756
175255421415139
174865186815885
166790534103330
169956148268554
161038153895894
161405866839367
170090255983255
161503555438023
164893581275220
161665358263730
165800988648396
170426271363099
162341587141931
163026228586544
172743850300779
160961855601509
172168008039479
164871467929840
166268263582986
169874968477283
164292677275204
167648674438653
164849479308794
159946843713712
161217714371949
167977472723687
165109843895591
170006674084834
169091749866560
171188642539520
161530088688902
167361780619640
160815558628412
172153748494895
163203646072026
163731148329615
163190528227167
165921450729865
173922184795687
159644046403340
173486356010249
158401550048900
163341236096922
159937476963154
174156998077090
171134277888008
162225788375010
173809107031036
167189204165810
162909459941700
166339255726861
164120054616916
169122309905238
160018042017271
162426070657044
164623180825867
164340206060055
171719624428953
166978557335955
171465317052480
164440852060620
161825354195130
162578426291719
161755182356252
169240870854217
170003322292319
168073477868637
173961952656362
169832794847487
167962899810154
159920943273086
163946779713109
158608442647901
172458307400197
158331960540537
160604528661088
161059962423822
171459539476594
172211502234192
174481544081255
164738073343174
168553386260803
167708932047543
165525954666512
172787347442843
168554458649583
165870136691605
164353387076375
161722916292519
164244443442866
174463507834417
158710014823166
174506993344497
164963722394251
167950290208208
164755268632915
175548628647174
164897487010855
170567178474464
175052117264906
170645816586619
175018595080232
160181275497917
166421069444856
172312251894838
169597340160558
165763734492188
160358068299619
170456024112767
172002668182120
166925537217367
172998552625480
163217636296474
166472624605248
162692563037970
159582908822837
165417385006163
165965652773655
162095808495371
163498134898735
171169304358684
168744491820646
163737934543102
173531126318985
168684076578877
167763983817550
173949464931930
158464837250728
168679477930525
171619897670830
161065623479823
164977349139448
160158739073053
174835902299958
160199375161554
158924582871228
173491402418459
161826707077676
174172956289957
175769432626287
172008484694619
160738457622136
171979951998853
164631618990165
170399089919641
174701225951228
171717528925367
164019595652896
167461762732409
160726232620549
169953862937774
161340677488550
158848603906567
165070694165396
162727507817978
162168186374707
173933690116427
159338188187881
166952871527655
170076702936482
162042126776336
172134200572127
161546310304491
170818596732968
161583256919037
161910703549858
175153859241725
162948989582957
175426056918089
168091317500308
165842819126311
164477075767995
170327153571589
165698192266325
174073642419525
170645685231303
174110063143063
174424152147039
161663924851619
163431462504897
163384126393296
167894278695752
175262545767488
170800677508781
175118856871303
170902132617575
175792289195527
162657368105286
168962694710809
162532440751781
166861546430840
161802743737654
172638250701167
161958133363335
163019910473693
170299383958279
161904155019832
160984216733009
168348105382107
164051913870040
169130505339703
166099792001292
173101905618215
175009427780155
166354949621387
171467339527406
161232667006890
166133544814375
170486039484021
174055996980026
170916254320558
171441425166750
168873538057420
166916572458758
173166646326634
171417218003154
166652625675223
174357858414820
175743116943396
166021530318333
173031652880243
166511241935685
171573834112803
164488278134890
168182446954061
170852680150570
169948298921039
160851997737387
162843289270729
171606919688021
169306447082589
170596512643390
172074288671582
162955667022797
172444740544686
169816886712533
169257995593685
172806249315785
175055355830443
171348590905328
162008871310443
162223731595992
162737259815863
169558712682836
162060122166154
159804943270711
165165799536639
175305733246986
161404413176915
171468235194218
170924752028881
162753831738849
160921382583251
161634465544287
165682946668600
167854384513846
173419203070075
164093540354241
175866244982474
169699446342662
174030074303206
168662795604943
172191229952738
161599321482108
169962453164385
167798362050396
173945706436506
166114135525323
174773546184654
170175586081020
161644013538258
170204504360162
164937192090561
171701501590785
165655353431435
165637814755482
164756754120878
158962678374280
160299882416944
175577016960492
166716639535631
175468785004715
167662850070283
168038501999991
170067036458504
163766334309942
174210268181422
162119839517481
168032720382770
173128338926180
174551446556517
165090600276770
173690180101313
169933809250620
162139846352713
166251171316570
173498275100695
168891114988801
170735421548255
174821018686188
169034258905302
158887934968636
167772874933370
160542456433312
163514316640241
158929846691502
172933848051547
169036253729475
164423008176120
163992084765237
158988898658655
162519451684200
174629983196273
161274627031916
169111497641066
169154195431272
169748019586749
161530389956728
162774140501344
163847394466224
173967108920324
165648199753449
160640551578515
167016299428779
160504079208215
168443906523143
168066915943585
166235037163057
159501201176590
159386528727175
170773062626720
160570307994375
170167126427916
170608890434112
158920807464660
175442187398863
170365485653251
169228305669315
169658540923663
163289445374575
163717548019238
171400036500125
160421786405859
158793912446118
159319643844298
174657301197618
160912054188398
159852516864487
168836525960220
166907248663705
162292895837569
159288523934846
159996156542195
165837785789285
163581916605079
164025871636531
171404896719930
167950580179193
161363912284409
175866079411611
160468402289262
172538045685191
160758015859699
174598255582365
164506666240026
174232775604205
161471190905072
160782820938239
160442630424950
160614025439085
174888487183375
159335466827933
169290442397959
169587162984238
168268927738014
167851693618986
166557078192288
174354994335517
160558154111667
162289255748734
163505606801640
174990412691611
