123220013788015
123275150977765
123475632753845
123697888128872
123778866349313
123994431558515
124020627071348
124033320128618
124261547116400
124348691497881
124396535260003
124608495800211
124666630132472
124678542033372
125028353758797
125065485132365
125072510491306
125108792424753
125178949071443
125570607080652
125669575321106
125751907797072
125771799451630
125889856813989
125894284187643
126169214542800
126204900202334
126308560134474
126582311125341
126601011282734
126832996251137
126864076576754
127051940512869
127081213564264
127173312315241
127234132564121
127415857799229
127529068492959
127663144772691
127679860576641
127719469017723
127728173431421
127785433607869
127842215693511
127886858944738
127966087448344
127974225460145
128005221973704
128015771783154
128360959921712
128434043585019
128622753880029
128676715154969
128705608451286
128742791119155
128750406410575
128752421328120
128982378731719
129057311306763
129081248157061
129562754159239
129657276941829
129867450391307
129915777758732
129948201198006
130208367797178
130284177596891
130345899684974
130389067048799
130624577305581
130637820867699
130876837770678
131219545515823
131221601780881
131336927268698
131336986812448
131359956262198
131457155864493
131526955282744
131756285546857
131817064413468
131919791383417
132160877388980
132162566569078
132266544457668
132271510972559
132298963142100
132362007872455
132988328819247
133308759010570
133461782429401
133476043380608
133531843207630
133574698028482
133659942862962
133730554727032
133787346659155
133908220321855
133977466310334
134051382724488
134206808753384
134216702845840
134226634691533
134286459811139
134344414306495
134421596155536
134446556377650
134485620910793
134600905664241
134654056279212
134806051403273
134832017124788
134905090874949
135044728782391
135046407535516
135058160754458
135131102523409
135226618180929
135297998419589
135484946104050
135740499856150
135932721128542
135948700807728
136083849765970
136210268736560
136298231112180
136348744247335
136446230348194
136479492668341
136811589988878
136918504661517
137089829158162
137164007949159
137165872142880
137177071183570
137310416998756
137329783555751
137378118513197
137545780819014
137653491103895
137731387231242
137804447942649
137856402270132
138006368087462
138424952711248
138449429663443
138480884954771
138706058728178
138842444741095
138928370309569
138930320380895
139240795618376
139314376483063
139588913765480
139683623339279
139845515837862
139986118421962
140058288512163
140096582896000
140206790085002
140234458438042
140266784045350
140543214076905
140645679686556
140648690291503
140708707627430
140729612484435
