257732681293032
33442953475192
192308796983089
206164351236911
25231370597117
214594338378201
175568348199489
18969586781900
230545605575316
45485680990921
240828119091757
95425346945997
191553815615263
215047240917575
268152831445498
221991623196066
260021532438400
212103580211422
58624477423436
42295840396139
232773659302931
269842495576887
278353383821663
86965612696315
239020035856733
134208641311779
46341019683787
264379907660345
61366087690249
15893368558187
183137979879023
215109518764379
12165080792033
231218611491323
36932504639985
115278267647425
11039590393111
63435233757673
147896030979153
197094364992159
224029636107501
81803692812507
152141579320832
162031101252718
166975241427162
31809275829572
281075750338734
56242229450368
43846530485222
235835586377120
14148844049926
165724544152441
197375595303241
63573543915214
170632098955478
174344549572970
119066659441528
236307381621798
110959418307526
280635274682266
83351588402641
56567856424249
104339435749301
67880415368007
81856942618221
