158331960540537
158379209233853
158381362673562
158415182453418
158417629403030
158476624092918
158608442647901
158613130666396
158619332003289
158652035981502
158658027776666
158690108600528
158702278646967
158707407572338
158710014823166
158719114520091
158779612491739
158839190148651
158853825284786
158878100922406
158878995126354
158886537333920
158918949811830
158924582871228
158941220254870
158996487348628
159017088381450
159027233173734
159061946554909
159113107257623
159184867340427
159192594553211
159193554106108
159227596421038
159230191660240
159233435126003
159257637433736
159288523934846
159301574689586
159313763924994
159314546275476
159315827201097
159321570317213
159349266845975
159366182099921
159460688350574
159511829160586
159516334004943
159564762297346
159574566348723
159578440939531
159589967068173
159597578575843
159610201908774
159725005958852
159727974568687
159742563757647
159780515637122
159824401475615
159852516864487
159869802876063
159906633194171
160040703869499
160046092905353
160055494953135
160096954605739
160100757607950
160123898132320
160172627200670
160196825222185
160207205029151
160214864303558
160221792901094
160240965153710
160246604822040
160279777916131
160288513095199
160304079786841
160382115842381
160392166909566
160414939499632
160421786405859
160441184096620
160468402289262
160529862324996
160538973910904
160539834257349
160583420346708
160613695035186
160738457622136
160741310247813
160754569896177
160758015859699
160768262626162
160774469868003
160815558628412
160840180130822
160863008335233
160879382025402
160894913396781
160912054188398
160915273810430
160944895483203
160958163001695
160978137766046
160984216733009
160985082761964
160995385309981
161029788336535
161030721667161
161041380517009
161048054295409
161059962423822
161063094549499
161069951066927
161111538414000
161194426406854
161224660964072
161268383275788
161323049641970
161363912284409
161404413176915
161439595249436
161444775335211
161458406947750
161471190905072
161525388044263
161537696099133
161550764178804
161558649281543
161599321482108
161609121604380
161612928345657
161634223507712
161643666534861
161649247005816
161650543000876
161684259444763
161722916292519
161750642369730
161755182356252
161786721627080
161805942986175
161806185280299
161827248663680
161850245553068
161887550154674
161947818893125
161963300310243
161964831823465
162026886737514
162060122166154
162095519205549
162100950928369
162143908884470
162145751433392
162190652695796
162228651314916
162288421121708
162296077538365
162357758836689
162364312344765
162368926698416
162401428603321
162469029070669
162497716319181
162510929640829
162516587794997
162521124387347
162526711477575
162532440751781
162536072802906
162569322598361
162615748955395
162685716834772
162687133547412
162697337492473
162699388500010
162704482317607
162713681633569
162733213727515
162741934718082
162772925348145
162775029469835
162793730966312
162889912174877
162922327254198
162946977701760
162960756576985
162975218116172
162983453034845
163026228586544
163090179397934
163173421036629
163223239316549
163251878307216
163261433244211
163284594497926
163291550656837
163299553875731
163340377033664
163366536814162
163410964194266
163425735463388
163455609532977
163458018282869
163529519685244
163547228898759
163712142863990
163718484118246
163719394865501
163734441917815
163739493762815
163766334309942
163773090515982
163779563483070
163893730693439
163999083176803
164012386796459
164015237613258
164019595652896
164051913870040
164076313774548
164121319177391
164138307928633
164173849093881
164175576797325
164221365599459
164244443442866
164290188965999
164300719497061
164343997062024
164375854557883
164384621864558
164421489120470
164425946399852
164428548180686
164435497027941
164440852060620
164444317414345
164451651018235
164453010117934
164490140811380
164529543059497
164544691181864
164555795247716
164567538531234
164597175999736
164631618990165
164646643916849
164688264551895
164721929511599
164726692870155
164748499187051
164803753264703
164821026952948
164834063954805
164849479308794
164881526710626
164890628505970
164905824004637
164937192090561
164944803966647
164989321845336
165070694165396
165090600276770
165123647373267
165199858350576
165200437466623
165272578633943
165281929890228
165323340481299
165330396471582
165351249241664
165366433543663
165377370252907
165379267188354
165385985585814
165417385006163
165417717620244
165438219625550
165487061943523
165525954666512
165532727974850
165569179006340
165593575516757
165633963551341
165655325613425
165671600867593
165714410265531
165738509560891
165783922123993
165811800342847
165817166092161
165837785789285
165842819126311
165862579470090
165865820803951
165905393646209
165909544388439
165916822679314
165921450729865
165953103150034
165980775443834
166025252042302
166034734195759
166034767606806
166076508199976
166090529044979
166129726217638
166134076453853
166140257407082
166235037163057
166250153939285
166282138694321
166297579645051
166324137253662
166331084772755
166347339118508
166383021775265
166414517421850
166435077497184
166446169283136
166464941475454
166512073169068
166557078192288
166577625117905
166612931345360
166620534078883
166626542495953
166668615032714
166683448491578
166686807684673
166716639535631
166726888166242
166735953000869
166781843353430
166818844990678
166841007821955
166861546430840
166907248663705
166910024922791
166996803715147
167047177646771
167079429265573
167082029684597
167133317433751
167141805943072
167150914637650
167158675082182
167211585323946
167222231101478
167276612620610
167319874390015
167337955388484
167360991571377
167361780619640
167406575911556
167423469877420
167433463365957
167461762732409
167462778557484
167483880788635
167491311019574
167518979194487
167589166316000
167595201981919
167619860846519
167639895913239
167658853400745
167779715163834
167818081013571
167895704494509
167911513580744
167926775766776
167962899810154
167977472723687
168008513007062
168026147484447
168066915943585
168081058689350
168127577989742
168160895466545
168167231696893
168209186463680
168214460375285
168223689708808
168245367405342
168259777449903
168267235152835
168324153818702
168341098263916
168341940905464
168371105017062
168388921485126
168471648842174
168480927795749
168520172455305
168532193821205
168535127401580
168561515957145
168628209884435
168638488387103
168646315542453
168656008610975
168694383971360
168703392633757
168730739469425
168757655601160
168795773229318
168829316981173
168856788775368
168871564197406
168878197766663
168878805839705
168882445370241
168897747598131
168910213264241
168956426452009
169035995059231
169091749866560
169097934224201
169100030788049
169121041760968
169122309905238
169154195431272
169174028234887
169174945445886
169175629606730
169190860279445
169239113367262
169240870854217
169257995593685
169276663121156
169292109452653
169324265771905
169378137128871
169412489184491
169420451557514
169446246239856
169513711309570
169528199529142
169558712682836
169564025988189
169576215011795
169595853567356
169597340160558
169597520410090
169606686404234
169610071350765
169614865909752
169616854303587
169630291589450
169636584976670
169638683683887
169674201463023
169682399387040
169685038095197
169693770483578
169723252685953
169799012385736
169802912026429
169847084487280
169851358380250
169893033434975
169917854219301
169956148268554
169977544533712
170006306653030
170010157421585
170100973004166
170224346049254
170232802822417
170257666026189
170270157724683
170326359455079
170327153571589
170348520846691
170354439389865
170372893301693
170373483022740
170378917257127
170379534572999
170393739441324
170399089919641
170403114273809
170458945067319
170485986850306
170492496353564
170496023416967
170567178474464
170626814860620
170641059423531
170680182429141
170735421548255
170782703251176
170916254320558
170993986876030
171003022765020
171009221322119
171012310983397
171014041344370
171025032730192
171046907521548
171064945330589
171087430706578
171091877169024
171102383486709
171134277888008
171188642539520
171261564327145
171262348530668
171338372169247
171342603218294
171372405230034
171383809369522
171386162939828
171404896719930
171503629464843
171528842485657
171573834112803
171614493799936
171681308298847
171691157627541
171717528925367
171720328805243
171789388292817
171859403001224
171860483740056
171867990660646
171880958484814
171934869526291
171948215532467
171978059260755
171979951998853
171995193912824
171997664762126
172000712852499
172012564428984
172072008017872
172091853881694
172105356292826
172107986026181
172134200572127
172155292857131
172173747337258
172174139897237
172207153125205
172224549304486
172224897111813
172226601093818
172247380254948
172255529107124
172298034211556
172305625257264
172312251894838
172363746930670
172375656922481
172388799236522
172422647906174
172439523765830
172454596961724
172519916875099
172563190131522
172615973750300
172629599802884
172632119491033
172657143163570
172683058261139
172720347245936
172743850300779
172813169529850
172893634507105
172896693816102
172900307481555
172989272421578
173000541287456
173008703534702
173016504233371
173045163540513
173065089399706
173084942764992
173098463439281
173128338926180
173172854662008
173187997046788
173198836826910
173271059528965
173278787232546
173302479020880
173311492193120
173313393962008
173378161506090
173387987749918
173397026072607
173419203070075
173434543006572
173484629445309
173491771524963
173498275100695
173556322337969
173574648566693
173585928930223
173664750372803
173791069657032
173791518746289
173792054360074
173809107031036
173812793837292
173879448895037
173914418434202
173922184795687
173940828411352
173967108920324
173980414348205
174049349925368
174055996980026
174073642419525
174081463244992
174084649622916
174094865992862
174105645526321
174120554000378
174218783135776
174232775604205
174249935942899
174265303463643
174283925869954
174323760473925
174326750606168
174344648586773
174362523035949
174420286922083
174474097149749
174484303015081
174574712687061
174577451426819
174577475159726
174629983196273
174698878106821
174701225951228
174719961126198
174722387245773
174733156542692
174775964914039
174797436541201
174818334912783
174821018686188
174872299268845
174876636734659
174877805616584
174929655949572
174944339812096
174949237986929
174960289094482
175009427780155
175014016370276
175016926295659
175018595080232
175018723131439
175037542844884
175045167893417
175055355830443
175080291605457
175101565043888
175118856871303
175123758707710
175210754230467
175240867702712
175276442948538
175288039605587
175300313557356
175311557752456
175339033153046
175360183608380
175360361803621
175371307912158
175373084576657
175376984809300
175380738448457
175408856449088
175441956380379
175442187398863
175466955761861
175468785004715
175552099381595
175560279333527
175583159066528
175615993227742
175711386147395
175771211970149
175798232197395
175801109593399
175813087446349
175813378109491
175842840463789
175861717934279
