219193741447945
219193741447945
219193741447945
219193741447945
219193741447945
219193741447945
47141582218730
47141582218730
47141582218730
47141582218730
47141582218730
47141582218730
47141582218730
47141582218730
47141582218730
47141582218730
47141582218730
47141582218730
47141582218730
47141582218730
47141582218730
47141582218730
47141582218730
47141582218730
47141582218730
47141582218730
47141582218730
47141582218730
47141582218730
47141582218730
47141582218730
47141582218730
47141582218730
47141582218730
47141582218730
47141582218730
47141582218730
47141582218730
47141582218730
47141582218730
47141582218730
47141582218730
47141582218730
47141582218730
47141582218730
47141582218730
47141582218730
90703008286836
90703008286836
90703008286836
90703008286836
90703008286836
90703008286836
90703008286836
90703008286836
90703008286836
90703008286836
90703008286836
90703008286836
90703008286836
90703008286836
90703008286836
90703008286836
90703008286836
90703008286836
90703008286836
90703008286836
90703008286836
90703008286836
90703008286836
90703008286836
90703008286836
90703008286836
90703008286836
90703008286836
90703008286836
90703008286836
90703008286836
90703008286836
90703008286836
90703008286836
90703008286836
90703008286836
90703008286836
90703008286836
90703008286836
90703008286836
90703008286836
90703008286836
90703008286836
90703008286836
90703008286836
90703008286836
90703008286836
90703008286836
90703008286836
90703008286836
90703008286836
90703008286836
90703008286836
90703008286836
90703008286836
90703008286836
90703008286836
90703008286836
90703008286836
90703008286836
90703008286836
90703008286836
90703008286836
90703008286836
90703008286836
90703008286836
90703008286836
90703008286836
90703008286836
90703008286836
90703008286836
90703008286836
90703008286836
90703008286836
90703008286836
90703008286836
90703008286836
90703008286836
90703008286836
90703008286836
90703008286836
90703008286836
90703008286836
90703008286836
90703008286836
14603525640352
14603525640352
14603525640352
14603525640352
14603525640352
14603525640352
14603525640352
73312689900716
73312689900716
73312689900716
73312689900716
73312689900716
73312689900716
73312689900716
73312689900716
73312689900716
73312689900716
73312689900716
73312689900716
73312689900716
73312689900716
73312689900716
73312689900716
73312689900716
73312689900716
73312689900716
73312689900716
73312689900716
73312689900716
73312689900716
73312689900716
73312689900716
73312689900716
73312689900716
73312689900716
73312689900716
73312689900716
73312689900716
73312689900716
73312689900716
73312689900716
73312689900716
73312689900716
73312689900716
73312689900716
73312689900716
73312689900716
73312689900716
73312689900716
73312689900716
73312689900716
73312689900716
73312689900716
73312689900716
73312689900716
73312689900716
73312689900716
73312689900716
73312689900716
73312689900716
73312689900716
73312689900716
73312689900716
73312689900716
73312689900716
73312689900716
73312689900716
73312689900716
73312689900716
73312689900716
73312689900716
73312689900716
73312689900716
73312689900716
73312689900716
73312689900716
73312689900716
73312689900716
73312689900716
73312689900716
73312689900716
73312689900716
73312689900716
177532030380370
177532030380370
177532030380370
177532030380370
177532030380370
177532030380370
177532030380370
177532030380370
177532030380370
177532030380370
177532030380370
177532030380370
177532030380370
177532030380370
177532030380370
177532030380370
177532030380370
177532030380370
177532030380370
177532030380370
177532030380370
177532030380370
177532030380370
177532030380370
184231807086798
184231807086798
184231807086798
184231807086798
184231807086798
194830542042035
8407834968135
181467968124086
8407834968135
8407834968135
8407834968135
8407834968135
270169073777036
270169073777036
270169073777036
270169073777036
270169073777036
270169073777036
270169073777036
270169073777036
270169073777036
270169073777036
270169073777036
270169073777036
270169073777036
270169073777036
270169073777036
270169073777036
270169073777036
270169073777036
270169073777036
270169073777036
270169073777036
270169073777036
270169073777036
270169073777036
270169073777036
33006005205233
33006005205233
33006005205233
33006005205233
33006005205233
33006005205233
33006005205233
33006005205233
29547033661644
29547033661644
29547033661644
29547033661644
29547033661644
29547033661644
29547033661644
29547033661644
29547033661644
29547033661644
29547033661644
29547033661644
29547033661644
29547033661644
29547033661644
29547033661644
29547033661644
29547033661644
29547033661644
29547033661644
29547033661644
29547033661644
29547033661644
29547033661644
29547033661644
29547033661644
29547033661644
29547033661644
29547033661644
29547033661644
29547033661644
29547033661644
29547033661644
29547033661644
29547033661644
29547033661644
29547033661644
29547033661644
29547033661644
29547033661644
29547033661644
29547033661644
29547033661644
29547033661644
29547033661644
29547033661644
29547033661644
29547033661644
29547033661644
29547033661644
29547033661644
29547033661644
29547033661644
68615667314003
68615667314003
68615667314003
68615667314003
29547033661644
29547033661644
29547033661644
68615667314003
29547033661644
68615667314003
29547033661644
29547033661644
68615667314003
29547033661644
68615667314003
68615667314003
68615667314003
29547033661644
29547033661644
29547033661644
29547033661644
29547033661644
68615667314003
29547033661644
68615667314003
29547033661644
29547033661644
29547033661644
29547033661644
68615667314003
68615667314003
68615667314003
68615667314003
68615667314003
68615667314003
68615667314003
68615667314003
29547033661644
29547033661644
68615667314003
68615667314003
68615667314003
68615667314003
68615667314003
29547033661644
68615667314003
68615667314003
68615667314003
68615667314003
68615667314003
68615667314003
68615667314003
68615667314003
68615667314003
29547033661644
29547033661644
29547033661644
68615667314003
68615667314003
68615667314003
68615667314003
29547033661644
68615667314003
68615667314003
68615667314003
29547033661644
29547033661644
29547033661644
29547033661644
29547033661644
68615667314003
68615667314003
68615667314003
29547033661644
29547033661644
29547033661644
29547033661644
68615667314003
68615667314003
68615667314003
68615667314003
68615667314003
68615667314003
68615667314003
68615667314003
68615667314003
68615667314003
68615667314003
68615667314003
68615667314003
68615667314003
68615667314003
68615667314003
68615667314003
68615667314003
68615667314003
68615667314003
68615667314003
68615667314003
68615667314003
68615667314003
68615667314003
68615667314003
68615667314003
68615667314003
68615667314003
68615667314003
68615667314003
68615667314003
68615667314003
68615667314003
68615667314003
68615667314003
68615667314003
68615667314003
68615667314003
65778257557532
65778257557532
65778257557532
65778257557532
65778257557532
65778257557532
65778257557532
65778257557532
65778257557532
65778257557532
65778257557532
65778257557532
65778257557532
65778257557532
65778257557532
65778257557532
65778257557532
65778257557532
65778257557532
65778257557532
65778257557532
65778257557532
65778257557532
65778257557532
65778257557532
65778257557532
65778257557532
65778257557532
65778257557532
65778257557532
65778257557532
65778257557532
65778257557532
65778257557532
65778257557532
65778257557532
65778257557532
65778257557532
65778257557532
65778257557532
65778257557532
65778257557532
65778257557532
65778257557532
65778257557532
65778257557532
65778257557532
65778257557532
65778257557532
65778257557532
65778257557532
65778257557532
65778257557532
65778257557532
65778257557532
65778257557532
65778257557532
65778257557532
65778257557532
65778257557532
65778257557532
65778257557532
65778257557532
65778257557532
65778257557532
65778257557532
65778257557532
65778257557532
65778257557532
65778257557532
65778257557532
65778257557532
65778257557532
65778257557532
65778257557532
65778257557532
65778257557532
65778257557532
65778257557532
65778257557532
65778257557532
65778257557532
65778257557532
65778257557532
65778257557532
65778257557532
65778257557532
65778257557532
65778257557532
65778257557532
65778257557532
65778257557532
65778257557532
65778257557532
65778257557532
65778257557532
65778257557532
65778257557532
65778257557532
65778257557532
65778257557532
65778257557532
65778257557532
65778257557532
65778257557532
65778257557532
65778257557532
65778257557532
189409563918219
189409563918219
189409563918219
189409563918219
189409563918219
189409563918219
189409563918219
189409563918219
189409563918219
189409563918219
189409563918219
189409563918219
189409563918219
189409563918219
189409563918219
189409563918219
189409563918219
189409563918219
189409563918219
189409563918219
189409563918219
189409563918219
189409563918219
189409563918219
189409563918219
189409563918219
189409563918219
189409563918219
189409563918219
189409563918219
189409563918219
189409563918219
189409563918219
189409563918219
189409563918219
189409563918219
189409563918219
189409563918219
189409563918219
189409563918219
189409563918219
189409563918219
189409563918219
189409563918219
189409563918219
189409563918219
189409563918219
189409563918219
189409563918219
189409563918219
189409563918219
189409563918219
189409563918219
189409563918219
189409563918219
189409563918219
189409563918219
189409563918219
189409563918219
189409563918219
189409563918219
189409563918219
189409563918219
189409563918219
189409563918219
189409563918219
189409563918219
189409563918219
189409563918219
189409563918219
189409563918219
189409563918219
189409563918219
189409563918219
189409563918219
189409563918219
189409563918219
189409563918219
189409563918219
189409563918219
189409563918219
189409563918219
189409563918219
4040391670823
4040391670823
4040391670823
4040391670823
117525304954726
117525304954726
4040391670823
4040391670823
268462651175824
268462651175824
268462651175824
4040391670823
4040391670823
268462651175824
4040391670823
4040391670823
268462651175824
268462651175824
4040391670823
4040391670823
268462651175824
4040391670823
268462651175824
268462651175824
268462651175824
268462651175824
184826330924539
184826330924539
184826330924539
184826330924539
184826330924539
184826330924539
184826330924539
184826330924539
184826330924539
184826330924539
184826330924539
184826330924539
184826330924539
224961143964299
224961143964299
224961143964299
224961143964299
224961143964299
224961143964299
224961143964299
224961143964299
224961143964299
224961143964299
224961143964299
224961143964299
224961143964299
224961143964299
224961143964299
224961143964299
224961143964299
224961143964299
224961143964299
224961143964299
224961143964299
224961143964299
151916742735239
30308802752938
30308802752938
30308802752938
30308802752938
30308802752938
30308802752938
30308802752938
30308802752938
30308802752938
30308802752938
30308802752938
30308802752938
30308802752938
30308802752938
30308802752938
30308802752938
30308802752938
30308802752938
30308802752938
30308802752938
30308802752938
30308802752938
30308802752938
30308802752938
30308802752938
30308802752938
30308802752938
30308802752938
30308802752938
30308802752938
30308802752938
30308802752938
30308802752938
30308802752938
30308802752938
30308802752938
30308802752938
30308802752938
30308802752938
30308802752938
30308802752938
30308802752938
30308802752938
30308802752938
30308802752938
30308802752938
30308802752938
30308802752938
30308802752938
30308802752938
30308802752938
30308802752938
30308802752938
30308802752938
30308802752938
30308802752938
30308802752938
117526993621084
251271310814139
174770869548463
40728123053279
40728123053279
40728123053279
40728123053279
40728123053279
40728123053279
40728123053279
40728123053279
59156521979200
59156521979200
59156521979200
59156521979200
59156521979200
59156521979200
59156521979200
59156521979200
59156521979200
59156521979200
59156521979200
59156521979200
59156521979200
59156521979200
59156521979200
59156521979200
59156521979200
59156521979200
59156521979200
59156521979200
59156521979200
59156521979200
59156521979200
59156521979200
59156521979200
59156521979200
59156521979200
59156521979200
59156521979200
59156521979200
59156521979200
59156521979200
59156521979200
59156521979200
59156521979200
59156521979200
59156521979200
59156521979200
59156521979200
59156521979200
59156521979200
59156521979200
59156521979200
59156521979200
59156521979200
59156521979200
59156521979200
59156521979200
59156521979200
59156521979200
59156521979200
59156521979200
59156521979200
59156521979200
59156521979200
59156521979200
59156521979200
59156521979200
59156521979200
59156521979200
59156521979200
59156521979200
59156521979200
59156521979200
59156521979200
59156521979200
59156521979200
59156521979200
59156521979200
59156521979200
59156521979200
59156521979200
59156521979200
59156521979200
59156521979200
59156521979200
59156521979200
59156521979200
59156521979200
59156521979200
149725450513881
149725450513881
149725450513881
149725450513881
149725450513881
149725450513881
149725450513881
149725450513881
149725450513881
149725450513881
149725450513881
149725450513881
149725450513881
149725450513881
149725450513881
149725450513881
149725450513881
149725450513881
149725450513881
149725450513881
149725450513881
149725450513881
149725450513881
149725450513881
149725450513881
149725450513881
149725450513881
149725450513881
149725450513881
149725450513881
149725450513881
149725450513881
149725450513881
149725450513881
149725450513881
149725450513881
149725450513881
149725450513881
149725450513881
149725450513881
149725450513881
171337075545129
149725450513881
149725450513881
149725450513881
149725450513881
149725450513881
149725450513881
149725450513881
149725450513881
149725450513881
149725450513881
149725450513881
149725450513881
149725450513881
149725450513881
149725450513881
149725450513881
149725450513881
149725450513881
171337075545129
171337075545129
149725450513881
171337075545129
149725450513881
149725450513881
149725450513881
149725450513881
149725450513881
149725450513881
149725450513881
149725450513881
149725450513881
149725450513881
149725450513881
149725450513881
171337075545129
171337075545129
149725450513881
149725450513881
171337075545129
171337075545129
149725450513881
149725450513881
149725450513881
171337075545129
149725450513881
149725450513881
149725450513881
149725450513881
149725450513881
149725450513881
149725450513881
171337075545129
149725450513881
149725450513881
149725450513881
149725450513881
149725450513881
149725450513881
149725450513881
149725450513881
149725450513881
149725450513881
149725450513881
149725450513881
149725450513881
149725450513881
149725450513881
149725450513881
149725450513881
149725450513881
149725450513881
149725450513881
149725450513881
149725450513881
149725450513881
149725450513881
149725450513881
149725450513881
149725450513881
149725450513881
149725450513881
149725450513881
149725450513881
149725450513881
149725450513881
188032882150840
188032882150840
188032882150840
188032882150840
188032882150840
188032882150840
188032882150840
188032882150840
188032882150840
188032882150840
188032882150840
188032882150840
188032882150840
188032882150840
188032882150840
188032882150840
188032882150840
188032882150840
68671842800581
68671842800581
68671842800581
68671842800581
68671842800581
68671842800581
68671842800581
68671842800581
68671842800581
68671842800581
68671842800581
68671842800581
68671842800581
68671842800581
68671842800581
68671842800581
68671842800581
216386427209399
216386427209399
216386427209399
216386427209399
216386427209399
142598377116842
142598377116842
142598377116842
142598377116842
142598377116842
142598377116842
142598377116842
142598377116842
142598377116842
142598377116842
142598377116842
142598377116842
142598377116842
142598377116842
142598377116842
142598377116842
142598377116842
142598377116842
142598377116842
142598377116842
142598377116842
142598377116842
142598377116842
142598377116842
142598377116842
142598377116842
142598377116842
142598377116842
142598377116842
207320875403684
207320875403684
207320875403684
207320875403684
207320875403684
207320875403684
207320875403684
207320875403684
207320875403684
178315942632779
178315942632779
178315942632779
178315942632779
178315942632779
178315942632779
178315942632779
178315942632779
178315942632779
178315942632779
178315942632779
178315942632779
178315942632779
178315942632779
178315942632779
178315942632779
178315942632779
178315942632779
178315942632779
178315942632779
178315942632779
178315942632779
178315942632779
178315942632779
178315942632779
178315942632779
178315942632779
178315942632779
178315942632779
178315942632779
178315942632779
178315942632779
178315942632779
178315942632779
178315942632779
178315942632779
178315942632779
178315942632779
178315942632779
178315942632779
178315942632779
178315942632779
178315942632779
178315942632779
178315942632779
178315942632779
178315942632779
178315942632779
178315942632779
178315942632779
178315942632779
178315942632779
178315942632779
178315942632779
178315942632779
178315942632779
178315942632779
178315942632779
178315942632779
178315942632779
178315942632779
178315942632779
228943465743940
228943465743940
228943465743940
228943465743940
228943465743940
228943465743940
228943465743940
228943465743940
228943465743940
228943465743940
228943465743940
228943465743940
228943465743940
228943465743940
228943465743940
228943465743940
228943465743940
228943465743940
228943465743940
228943465743940
228943465743940
228943465743940
228943465743940
228943465743940
228943465743940
228943465743940
228943465743940
228943465743940
228943465743940
228943465743940
228943465743940
228943465743940
228943465743940
228943465743940
228943465743940
228943465743940
228943465743940
228943465743940
228943465743940
228943465743940
228943465743940
228943465743940
228943465743940
228943465743940
228943465743940
228943465743940
228943465743940
228943465743940
228943465743940
228943465743940
228943465743940
228943465743940
228943465743940
228943465743940
228943465743940
228943465743940
228943465743940
228943465743940
228943465743940
228943465743940
228943465743940
228943465743940
228943465743940
228943465743940
228943465743940
228943465743940
228943465743940
228943465743940
228943465743940
228943465743940
228943465743940
228943465743940
228943465743940
228943465743940
228943465743940
228943465743940
228943465743940
228943465743940
228943465743940
228943465743940
228943465743940
228943465743940
228943465743940
228943465743940
228943465743940
228943465743940
228943465743940
228943465743940
228943465743940
228943465743940
228943465743940
228943465743940
228943465743940
228943465743940
228943465743940
228943465743940
228943465743940
228943465743940
228943465743940
228943465743940
228943465743940
228943465743940
228943465743940
228943465743940
228943465743940
228943465743940
228943465743940
228943465743940
228943465743940
228943465743940
228943465743940
228943465743940
228943465743940
228943465743940
228943465743940
228943465743940
228943465743940
228943465743940
228943465743940
228943465743940
228943465743940
228943465743940
228943465743940
228943465743940
228943465743940
228943465743940
228943465743940
2692180355370
2692180355370
64786570486849
64786570486849
240121749936617
240121749936617
240121749936617
240121749936617
240121749936617
240121749936617
240121749936617
240121749936617
240121749936617
240121749936617
240121749936617
75412575470478
75412575470478
75412575470478
75412575470478
75412575470478
75412575470478
75412575470478
40279712993218
40279712993218
40279712993218
40279712993218
40279712993218
40279712993218
40279712993218
40279712993218
40279712993218
40279712993218
40279712993218
40279712993218
40279712993218
40279712993218
40279712993218
40279712993218
40279712993218
40279712993218
40279712993218
40279712993218
40279712993218
40279712993218
40279712993218
40279712993218
40279712993218
40279712993218
142170228688612
142170228688612
142170228688612
142170228688612
142170228688612
142170228688612
142170228688612
142170228688612
142170228688612
142170228688612
142170228688612
142170228688612
906554881860
906554881860
124424058342393
124424058342393
124424058342393
124424058342393
124424058342393
906554881860
74338280110202
74338280110202
74338280110202
211430983762542
74338280110202
74338280110202
152465442309160
152465442309160
152465442309160
83112059612564
152465442309160
152465442309160
83112059612564
152465442309160
152465442309160
83112059612564
152465442309160
152465442309160
83112059612564
152465442309160
152465442309160
152465442309160
83112059612564
152465442309160
83112059612564
152465442309160
152465442309160
83112059612564
152465442309160
152465442309160
152465442309160
83112059612564
152465442309160
83112059612564
152465442309160
83112059612564
152465442309160
83112059612564
152465442309160
152465442309160
152465442309160
152465442309160
152465442309160
152465442309160
83112059612564
152465442309160
152465442309160
152465442309160
152465442309160
152465442309160
152465442309160
152465442309160
152465442309160
152465442309160
152465442309160
83112059612564
152465442309160
152465442309160
83112059612564
152465442309160
152465442309160
152465442309160
152465442309160
152465442309160
83112059612564
152465442309160
152465442309160
152465442309160
83112059612564
152465442309160
152465442309160
152465442309160
152465442309160
152465442309160
152465442309160
83112059612564
152465442309160
152465442309160
152465442309160
152465442309160
83112059612564
152465442309160
83112059612564
152465442309160
83112059612564
83112059612564
83112059612564
152465442309160
83112059612564
152465442309160
152465442309160
152465442309160
152465442309160
152465442309160
152465442309160
152465442309160
152465442309160
152465442309160
152465442309160
152465442309160
152465442309160
152465442309160
152465442309160
152465442309160
152465442309160
152465442309160
152465442309160
152465442309160
152465442309160
152465442309160
152465442309160
111793170705422
111793170705422
111793170705422
111793170705422
111793170705422
111793170705422
111793170705422
111793170705422
111793170705422
118509628797522
118509628797522
118509628797522
118509628797522
118509628797522
118509628797522
118509628797522
118509628797522
118509628797522
118509628797522
118509628797522
118509628797522
118509628797522
118509628797522
118509628797522
118509628797522
118509628797522
118509628797522
118509628797522
118509628797522
118509628797522
118509628797522
118509628797522
118509628797522
118509628797522
118509628797522
118509628797522
118509628797522
118509628797522
118509628797522
118509628797522
118509628797522
118509628797522
118509628797522
118509628797522
118509628797522
118509628797522
118509628797522
118509628797522
118509628797522
118509628797522
118509628797522
118509628797522
118509628797522
118509628797522
118509628797522
118509628797522
118509628797522
118509628797522
118509628797522
118509628797522
118509628797522
118509628797522
118509628797522
118509628797522
118509628797522
118509628797522
118509628797522
118509628797522
118509628797522
118509628797522
118509628797522
118509628797522
118509628797522
118509628797522
118509628797522
118509628797522
118509628797522
118509628797522
118509628797522
118509628797522
118509628797522
118509628797522
118509628797522
118509628797522
118509628797522
118509628797522
118509628797522
118509628797522
118509628797522
118509628797522
118509628797522
118509628797522
118509628797522
118509628797522
118509628797522
118509628797522
118509628797522
118509628797522
118509628797522
118509628797522
118509628797522
118509628797522
118509628797522
118509628797522
118509628797522
118509628797522
118509628797522
113521050951770
113521050951770
113521050951770
113521050951770
113521050951770
113521050951770
113521050951770
113521050951770
264111621806955
264111621806955
264111621806955
264111621806955
264111621806955
264111621806955
264111621806955
264111621806955
264111621806955
264111621806955
264111621806955
264111621806955
264111621806955
264111621806955
264111621806955
264111621806955
264111621806955
264111621806955
264111621806955
264111621806955
264111621806955
264111621806955
264111621806955
264111621806955
264111621806955
60246606389441
60246606389441
60246606389441
60246606389441
60246606389441
60246606389441
143686948011126
143686948011126
143686948011126
143686948011126
143686948011126
143686948011126
143686948011126
143686948011126
192881350481378
192881350481378
192881350481378
192881350481378
192881350481378
192881350481378
192881350481378
192881350481378
192881350481378
192881350481378
192881350481378
192881350481378
192881350481378
192881350481378
192881350481378
192881350481378
192881350481378
192881350481378
192881350481378
192881350481378
192881350481378
192881350481378
192881350481378
192881350481378
192881350481378
192881350481378
192881350481378
192881350481378
192881350481378
192881350481378
192881350481378
192881350481378
192881350481378
192881350481378
192881350481378
192881350481378
192881350481378
192881350481378
192881350481378
192881350481378
192881350481378
192881350481378
192881350481378
192881350481378
192881350481378
192881350481378
192881350481378
192881350481378
192881350481378
192881350481378
192881350481378
192881350481378
192881350481378
192881350481378
192881350481378
192881350481378
192881350481378
192881350481378
192881350481378
192881350481378
192881350481378
192881350481378
192881350481378
192881350481378
192881350481378
192881350481378
192881350481378
192881350481378
192881350481378
192881350481378
192881350481378
192881350481378
192881350481378
192881350481378
192881350481378
192881350481378
192881350481378
192881350481378
192881350481378
192881350481378
192881350481378
192881350481378
192881350481378
192881350481378
192881350481378
192881350481378
192881350481378
192881350481378
192881350481378
192881350481378
192881350481378
192881350481378
192881350481378
192881350481378
207304376333338
207304376333338
207304376333338
207304376333338
207304376333338
180040577658484
180040577658484
180040577658484
180040577658484
180040577658484
180040577658484
180040577658484
180040577658484
180040577658484
180040577658484
180040577658484
180040577658484
180040577658484
180040577658484
180040577658484
180040577658484
180040577658484
180040577658484
180040577658484
180040577658484
180040577658484
180040577658484
180040577658484
180040577658484
180040577658484
180040577658484
180040577658484
180040577658484
180040577658484
180040577658484
180040577658484
180040577658484
180040577658484
180040577658484
180040577658484
180040577658484
180040577658484
180040577658484
180040577658484
180040577658484
180040577658484
180040577658484
180040577658484
180040577658484
180040577658484
180040577658484
180040577658484
180040577658484
180040577658484
180040577658484
180040577658484
180040577658484
180040577658484
180040577658484
180040577658484
180040577658484
180040577658484
180040577658484
180040577658484
180040577658484
180040577658484
180040577658484
180040577658484
180040577658484
180040577658484
180040577658484
180040577658484
180040577658484
180040577658484
180040577658484
1310654689608
180040577658484
1310654689608
1310654689608
1310654689608
1310654689608
180040577658484
180040577658484
180040577658484
180040577658484
180040577658484
180040577658484
1310654689608
180040577658484
180040577658484
1310654689608
1310654689608
1310654689608
1310654689608
1310654689608
1310654689608
1310654689608
180040577658484
180040577658484
180040577658484
1310654689608
1310654689608
1310654689608
1310654689608
180040577658484
1310654689608
180040577658484
1310654689608
1310654689608
1310654689608
1310654689608
1310654689608
1310654689608
1310654689608
1310654689608
1310654689608
1310654689608
1310654689608
1310654689608
1310654689608
180040577658484
1310654689608
1310654689608
180040577658484
180040577658484
180040577658484
180040577658484
180040577658484
180040577658484
180040577658484
180040577658484
180040577658484
180040577658484
180040577658484
180040577658484
180040577658484
180040577658484
180040577658484
180040577658484
180040577658484
180040577658484
180040577658484
180040577658484
180040577658484
180040577658484
180040577658484
1310654689608
1310654689608
1310654689608
1310654689608
1310654689608
1310654689608
1310654689608
1310654689608
1310654689608
1310654689608
1310654689608
1310654689608
1310654689608
1310654689608
1310654689608
1310654689608
1310654689608
1310654689608
1310654689608
1310654689608
1310654689608
1310654689608
1310654689608
1310654689608
1310654689608
1310654689608
1310654689608
1310654689608
1310654689608
1310654689608
1310654689608
1310654689608
1310654689608
1310654689608
1310654689608
1310654689608
1310654689608
18730675195442
18730675195442
18730675195442
18730675195442
18730675195442
18730675195442
18730675195442
18730675195442
18730675195442
18730675195442
18730675195442
18730675195442
18730675195442
18730675195442
18730675195442
18730675195442
18730675195442
18730675195442
18730675195442
18730675195442
18730675195442
18730675195442
18730675195442
18730675195442
18730675195442
18730675195442
18730675195442
18730675195442
18730675195442
18730675195442
18730675195442
18730675195442
18730675195442
18730675195442
18730675195442
18730675195442
18730675195442
18730675195442
18730675195442
18730675195442
18730675195442
18730675195442
18730675195442
18730675195442
18730675195442
18730675195442
18730675195442
18730675195442
18730675195442
18730675195442
18730675195442
18730675195442
18730675195442
18730675195442
18730675195442
18730675195442
18730675195442
18730675195442
18730675195442
18730675195442
18730675195442
18730675195442
18730675195442
18730675195442
18730675195442
18730675195442
18730675195442
18730675195442
18730675195442
18730675195442
18730675195442
18730675195442
18730675195442
18730675195442
18730675195442
18730675195442
18730675195442
18730675195442
18730675195442
18730675195442
18730675195442
18730675195442
18730675195442
18730675195442
18730675195442
18730675195442
34875656653995
34875656653995
34875656653995
34875656653995
34875656653995
34875656653995
34875656653995
34875656653995
34875656653995
34875656653995
34875656653995
34875656653995
34875656653995
34875656653995
34875656653995
34875656653995
34875656653995
34875656653995
34875656653995
34875656653995
34875656653995
34875656653995
34875656653995
34875656653995
34875656653995
34875656653995
34875656653995
34875656653995
34875656653995
34875656653995
34875656653995
34875656653995
34875656653995
34875656653995
34875656653995
34875656653995
34875656653995
34875656653995
34875656653995
34875656653995
34875656653995
34875656653995
34875656653995
