111793170705422
113521050951770
117525304954726
118509628797522
124424058342393
1310654689608
142170228688612
142598377116842
143686948011126
14603525640352
149725450513881
152465442309160
171337075545129
177532030380370
178315942632779
180040577658484
184231807086798
184826330924539
18730675195442
188032882150840
189409563918219
192881350481378
207304376333338
207320875403684
216386427209399
219193741447945
224961143964299
228943465743940
240121749936617
264111621806955
268462651175824
2692180355370
270169073777036
29547033661644
30308802752938
33006005205233
34875656653995
40279712993218
4040391670823
40728123053279
47141582218730
59156521979200
60246606389441
64786570486849
65778257557532
68615667314003
68671842800581
73312689900716
74338280110202
75412575470478
83112059612564
8407834968135
906554881860
90703008286836
