222044839405645
202799940955931
259934911179528
213604002820837
73257038784450
252879957020290
117433364281430
84417997710134
195081229231766
58008194032061
279128218127051
97086593491177
141158114591030
40471169450691
209409361307630
10350153254727
181748546693001
133032204550079
110355554445358
79504746910470
231089462989386
123284673571225
65297118180616
182707237437140
233259303574926
198844647236819
137402422636396
113283988240345
43597623408447
155297241614427
113136945870148
12758444940071
152457494166744
143506694909665
126836579060921
112923409082357
28122002429193
51132491813190
129979908584769
197493488496967
185474707828905
213516698480266
281259040041057
22040981884980
89219694060227
128306146082250
214779566016122
102409901751269
222211296308422
16255398078296
66438616866608
267856282807978
68046832682143
69721601277102
64214080284524
128746115012171
271934337339313
266638144558159
8113241617876
213821963436591
58413990827319
213223238830813
110879634656754
34996631905606
166272485811207
206558375601320
148451305460132
187921086228136
195782484026403
244793983712253
116388382357060
113867153849615
136012581333018
233666365311948
210839479993188
152590403938343
186503504251393
