102409901751269
10350153254727
110355554445358
110879634656754
112923409082357
113136945870148
113283988240345
113867153849615
116388382357060
117433364281430
123284673571225
126836579060921
12758444940071
128306146082250
128746115012171
129979908584769
133032204550079
136012581333018
137402422636396
141158114591030
143506694909665
148451305460132
152457494166744
152590403938343
155297241614427
16255398078296
166272485811207
181748546693001
182707237437140
185474707828905
186503504251393
187921086228136
195081229231766
195782484026403
197493488496967
198844647236819
202799940955931
206558375601320
209409361307630
210839479993188
213223238830813
213516698480266
213604002820837
213821963436591
214779566016122
22040981884980
222044839405645
222211296308422
231089462989386
233259303574926
233666365311948
244793983712253
252879957020290
259934911179528
266638144558159
267856282807978
271934337339313
279128218127051
28122002429193
281259040041057
34996631905606
40471169450691
43597623408447
51132491813190
58008194032061
58413990827319
64214080284524
65297118180616
66438616866608
68046832682143
69721601277102
73257038784450
79504746910470
8113241617876
84417997710134
89219694060227
97086593491177
